0 477.41338902326976
1 477.41338902326976
2 477.41338902326976
3 477.41338902326976
4 463.5941200251323
5 463.5941200251323
6 463.5941200251323
7 463.5941200251323
8 463.5941200251323
9 463.5941200251323
10 463.5941200251323
11 463.5941200251323
12 463.5941200251323
13 463.5941200251323
14 463.5941200251323
15 458.39840263146743
16 458.39840263146743
17 458.39840263146743
18 458.39840263146743
19 417.8115218788457
20 417.8115218788457
21 417.8115218788457
22 417.8115218788457
23 417.8115218788457
24 417.8115218788457
25 417.8115218788457
26 417.8115218788457
27 417.8115218788457
28 417.8115218788457
29 417.8115218788457
30 417.8115218788457
31 417.8115218788457
32 417.8115218788457
33 417.8115218788457
34 417.8115218788457
35 417.8115218788457
36 417.8115218788457
37 417.8115218788457
38 417.8115218788457
39 417.8115218788457
40 417.8115218788457
41 388.6601802424504
42 388.6601802424504
43 388.6601802424504
44 372.06170280147256
45 372.06170280147256
46 372.06170280147256
47 372.06170280147256
48 372.06170280147256
49 372.06170280147256
50 372.06170280147256
51 372.06170280147256
52 372.06170280147256
53 372.06170280147256
54 372.06170280147256
55 372.06170280147256
56 372.06170280147256
57 372.06170280147256
58 372.06170280147256
59 372.06170280147256
60 372.06170280147256
61 372.06170280147256
62 372.06170280147256
63 372.06170280147256
64 361.89761651020626
65 361.89761651020626
66 361.89761651020626
67 361.89761651020626
68 361.89761651020626
69 361.89761651020626
70 361.89761651020626
71 361.89761651020626
72 361.89761651020626
73 361.89761651020626
74 361.89761651020626
75 361.89761651020626
76 361.89761651020626
77 361.89761651020626
78 361.89761651020626
79 361.89761651020626
80 361.89761651020626
81 361.89761651020626
82 361.89761651020626
83 361.89761651020626
84 361.89761651020626
85 361.89761651020626
86 361.89761651020626
87 361.89761651020626
88 361.89761651020626
89 361.89761651020626
90 361.89761651020626
91 361.89761651020626
92 361.89761651020626
93 361.89761651020626
94 355.0042748475468
95 355.0042748475468
96 355.0042748475468
97 355.0042748475468
98 355.0042748475468
99 355.0042748475468
100 355.0042748475468
101 355.0042748475468
102 355.0042748475468
103 355.0042748475468
104 355.0042748475468
105 355.0042748475468
106 355.0042748475468
107 355.0042748475468
108 355.0042748475468
109 355.0042748475468
110 355.0042748475468
111 355.0042748475468
112 355.0042748475468
113 345.6848459692508
114 345.6848459692508
115 345.6848459692508
116 345.6848459692508
117 345.6848459692508
118 345.6848459692508
119 345.6848459692508
120 345.6848459692508
121 345.6848459692508
122 345.6848459692508
123 345.6848459692508
124 345.6848459692508
125 345.6848459692508
126 345.6848459692508
127 345.6848459692508
128 345.6848459692508
129 345.6848459692508
130 345.6848459692508
131 345.6848459692508
132 345.6848459692508
133 345.6848459692508
134 345.6848459692508
135 345.6848459692508
136 345.6848459692508
137 345.6848459692508
138 345.6848459692508
139 345.6848459692508
140 345.6848459692508
141 345.6848459692508
142 345.6848459692508
143 345.6848459692508
144 345.6848459692508
145 345.6848459692508
146 345.6848459692508
147 345.6848459692508
148 345.6848459692508
149 345.6848459692508
150 345.6848459692508
151 345.6848459692508
152 345.6848459692508
153 345.6848459692508
154 345.6848459692508
155 345.6848459692508
156 345.6848459692508
157 345.6848459692508
158 345.6848459692508
159 345.6848459692508
160 345.6848459692508
161 345.6848459692508
162 345.6848459692508
163 345.6848459692508
164 345.6848459692508
165 345.6848459692508
166 345.6848459692508
167 345.6848459692508
168 345.6848459692508
169 345.6848459692508
170 345.6848459692508
171 345.6848459692508
172 345.6848459692508
173 345.6848459692508
174 345.6848459692508
175 345.6848459692508
176 345.6848459692508
177 345.6848459692508
178 345.6848459692508
179 345.6848459692508
180 345.6848459692508
181 345.6848459692508
182 345.6848459692508
183 345.6848459692508
184 345.6848459692508
185 345.6848459692508
186 345.6848459692508
187 345.6848459692508
188 345.6848459692508
189 345.6848459692508
190 345.6848459692508
191 345.6848459692508
192 345.6848459692508
193 345.6848459692508
194 345.6848459692508
195 345.6848459692508
196 345.6848459692508
197 345.6848459692508
198 345.6848459692508
199 345.6848459692508
200 345.6848459692508
201 345.6848459692508
202 345.6848459692508
203 345.6848459692508
204 345.6848459692508
205 345.6848459692508
206 345.6848459692508
207 345.6848459692508
208 345.6848459692508
209 345.6848459692508
210 345.6848459692508
211 345.6848459692508
212 345.6848459692508
213 345.6848459692508
214 345.6848459692508
215 345.6848459692508
216 345.6848459692508
217 345.6848459692508
218 345.6848459692508
219 345.6848459692508
220 345.6848459692508
221 345.6848459692508
222 345.6848459692508
223 345.6848459692508
224 345.6848459692508
225 345.6848459692508
226 345.6848459692508
227 345.6848459692508
228 345.6848459692508
229 345.6848459692508
230 345.6848459692508
231 345.6848459692508
232 345.6848459692508
233 345.6848459692508
234 345.6848459692508
235 345.6848459692508
236 345.6848459692508
237 345.6848459692508
238 345.6848459692508
239 345.6848459692508
240 345.6848459692508
241 345.6848459692508
242 345.6848459692508
243 345.6848459692508
244 345.6848459692508
245 345.6848459692508
246 345.6848459692508
247 345.6848459692508
248 345.6848459692508
249 345.6848459692508
250 345.6848459692508
251 345.6848459692508
252 345.6848459692508
253 345.6848459692508
254 345.6848459692508
255 345.6848459692508
256 345.6848459692508
257 345.6848459692508
258 345.6848459692508
259 345.6848459692508
260 345.6848459692508
261 345.6848459692508
262 345.6848459692508
263 345.6848459692508
264 345.6848459692508
265 345.6848459692508
266 345.6848459692508
267 345.6848459692508
268 345.6848459692508
269 345.6848459692508
270 345.6848459692508
271 345.6848459692508
272 345.6848459692508
273 345.6848459692508
274 345.6848459692508
275 345.6848459692508
276 345.6848459692508
277 345.6848459692508
278 345.6848459692508
279 345.6848459692508
280 345.6848459692508
281 345.6848459692508
282 345.6848459692508
283 345.6848459692508
284 345.6848459692508
285 345.6848459692508
286 345.6848459692508
287 345.6848459692508
288 345.6848459692508
289 345.6848459692508
290 345.6848459692508
291 345.6848459692508
292 345.6848459692508
293 345.6848459692508
294 345.6848459692508
295 345.6848459692508
296 345.6848459692508
297 345.6848459692508
298 345.6848459692508
299 345.6848459692508
300 345.6848459692508
301 345.6848459692508
302 345.6848459692508
303 345.6848459692508
304 345.6848459692508
305 345.6848459692508
306 345.6848459692508
307 345.6848459692508
308 345.6848459692508
309 345.6848459692508
310 345.6848459692508
311 345.6848459692508
312 345.6848459692508
313 345.6848459692508
314 345.6848459692508
315 345.6848459692508
316 345.6848459692508
317 345.6848459692508
318 345.6848459692508
319 345.6848459692508
320 345.6848459692508
321 345.6848459692508
322 345.6848459692508
323 345.6848459692508
324 345.6848459692508
325 345.6848459692508
326 345.6848459692508
327 345.6848459692508
328 345.6848459692508
329 345.6848459692508
330 345.6848459692508
331 345.6848459692508
332 345.6848459692508
333 345.6848459692508
334 345.6848459692508
335 345.6848459692508
336 345.6848459692508
337 345.6848459692508
338 345.6848459692508
339 345.6848459692508
340 345.6848459692508
341 345.6848459692508
342 345.6848459692508
343 345.6848459692508
344 345.6848459692508
345 345.6848459692508
346 345.6848459692508
347 345.6848459692508
348 345.6848459692508
349 345.6848459692508
350 345.6848459692508
351 345.6848459692508
352 345.6848459692508
353 345.6848459692508
354 345.6848459692508
355 345.6848459692508
356 345.6848459692508
357 345.6848459692508
358 345.6848459692508
359 345.6848459692508
360 345.6848459692508
361 345.6848459692508
362 345.6848459692508
363 345.6848459692508
364 345.6848459692508
365 345.6848459692508
366 345.6848459692508
367 345.6848459692508
368 345.6848459692508
369 345.6848459692508
370 345.6848459692508
371 345.6848459692508
372 345.6848459692508
373 345.6848459692508
374 345.6848459692508
375 345.6848459692508
376 345.6848459692508
377 345.6848459692508
378 345.6848459692508
379 345.6848459692508
380 345.6848459692508
381 345.6848459692508
382 345.6848459692508
383 345.6848459692508
384 345.6848459692508
385 345.6848459692508
386 345.6848459692508
387 345.6848459692508
388 345.6848459692508
389 345.6848459692508
390 345.6848459692508
391 345.6848459692508
392 345.6848459692508
393 345.6848459692508
394 345.6848459692508
395 345.6848459692508
396 345.6848459692508
397 345.6848459692508
398 345.6848459692508
399 345.6848459692508
400 345.6848459692508
401 345.6848459692508
402 345.6848459692508
403 345.6848459692508
404 345.6848459692508
405 345.6848459692508
406 345.6848459692508
407 345.6848459692508
408 345.6848459692508
409 345.6848459692508
410 345.6848459692508
411 345.6848459692508
412 345.6848459692508
413 345.6848459692508
414 345.6848459692508
415 345.6848459692508
416 345.6848459692508
417 345.6848459692508
418 345.6848459692508
419 345.6848459692508
420 345.6848459692508
421 345.6848459692508
422 345.6848459692508
423 345.6848459692508
424 345.6848459692508
425 345.6848459692508
426 345.6848459692508
427 345.6848459692508
428 345.6848459692508
429 345.6848459692508
430 345.6848459692508
431 345.6848459692508
432 345.6848459692508
433 345.6848459692508
434 345.6848459692508
435 345.6848459692508
436 345.6848459692508
437 345.6848459692508
438 345.6848459692508
439 345.6848459692508
440 345.6848459692508
441 345.6848459692508
442 345.6848459692508
443 345.6848459692508
444 345.6848459692508
445 345.6848459692508
446 345.6848459692508
447 345.6848459692508
448 345.6848459692508
449 345.6848459692508
450 345.6848459692508
451 345.6848459692508
452 345.6848459692508
453 345.6848459692508
454 345.6848459692508
455 345.6848459692508
456 345.6848459692508
457 345.6848459692508
458 345.6848459692508
459 345.6848459692508
460 345.6848459692508
461 345.6848459692508
462 345.6848459692508
463 345.6848459692508
464 345.6848459692508
465 345.6848459692508
466 345.6848459692508
467 345.6848459692508
468 345.6848459692508
469 345.6848459692508
470 345.6848459692508
471 345.6848459692508
472 345.6848459692508
473 345.6848459692508
474 345.6848459692508
475 345.6848459692508
476 345.6848459692508
477 345.6848459692508
478 345.6848459692508
479 345.6848459692508
480 345.6848459692508
481 345.6848459692508
482 345.6848459692508
483 345.6848459692508
484 345.6848459692508
485 345.6848459692508
486 345.6848459692508
487 345.6848459692508
488 345.6848459692508
489 345.6848459692508
490 345.6848459692508
491 345.6848459692508
492 345.6848459692508
493 345.6848459692508
494 345.6848459692508
495 345.6848459692508
496 345.6848459692508
497 345.6848459692508
498 345.6848459692508
499 345.6848459692508
Best cost: 345.6848459692508
Path taken: 0 16 18 15 11 9 19 5 13 7 2 3 10 4 14 17 12 6 8 1