0 492.4638858307294 20000400
1 468.1847946552846 38000600
2 445.40694269850013 56000500
3 445.40694269850013 74001000
4 388.019272029968 91000500
5 388.019272029968 109001200
6 388.019272029968 128001100
7 388.019272029968 144001700
8 388.019272029968 162000700
9 388.019272029968 178000600
10 388.019272029968 196000600
11 388.019272029968 213000400
12 388.019272029968 231000500
13 388.019272029968 248000600
14 388.019272029968 269000500
15 388.019272029968 283000600
16 388.019272029968 302000500
17 388.019272029968 320000300
18 388.019272029968 338000500
19 388.019272029968 357000400
20 388.019272029968 378000600
21 388.019272029968 399000500
22 388.019272029968 416001000
23 388.019272029968 434000800
24 388.019272029968 455000600
25 388.019272029968 475000800
26 388.019272029968 492000700
27 388.019272029968 510000800
28 388.019272029968 528000400
29 388.019272029968 546000500
30 388.019272029968 564000700
31 388.019272029968 582000700
32 388.019272029968 612001200
33 388.019272029968 630001000
34 388.019272029968 649000600
35 388.019272029968 667000500
36 388.019272029968 685000900
37 388.019272029968 702000300
38 388.019272029968 716000400
39 388.019272029968 730000600
40 388.019272029968 747000300
41 388.019272029968 761000400
42 388.019272029968 779000500
43 388.019272029968 796000500
44 388.019272029968 814002600
45 388.019272029968 831002300
46 388.019272029968 847999900
47 388.019272029968 874000400
48 388.019272029968 892000100
49 388.019272029968 909999900
50 388.019272029968 928000500
51 388.019272029968 948000600
52 388.019272029968 966000500
53 388.019272029968 983000600
54 388.019272029968 1001000400
55 388.019272029968 1019000600
56 388.019272029968 1037001000
57 388.019272029968 1066000500
58 369.5624946147656 1089000600
59 369.5624946147656 1107000800
60 361.455566025745 1126001200
61 361.455566025745 1154000900
62 361.455566025745 1171000500
63 361.455566025745 1189000600
64 361.455566025745 1209000900
65 361.455566025745 1227000900
66 361.455566025745 1247001200
67 361.455566025745 1265001000
68 361.455566025745 1284000600
69 361.455566025745 1302000300
70 361.455566025745 1326000400
71 361.455566025745 1344000700
72 361.455566025745 1362000500
73 361.455566025745 1379000600
74 361.455566025745 1416001500
75 361.455566025745 1436001200
76 361.455566025745 1462001100
77 361.455566025745 1494000600
78 361.455566025745 1517001100
79 361.455566025745 1533000900
80 361.455566025745 1550001200
81 361.455566025745 1570000600
82 361.455566025745 1588001300
83 361.455566025745 1606000800
84 361.455566025745 1624000500
85 361.455566025745 1642000700
86 361.455566025745 1659000400
87 361.455566025745 1678000500
88 361.455566025745 1695000500
89 361.455566025745 1721001000
90 361.455566025745 1749000500
91 361.455566025745 1772000700
92 361.455566025745 1789000600
93 361.455566025745 1807000700
94 361.455566025745 1825000900
95 361.455566025745 1843001200
96 361.455566025745 1860000600
97 361.455566025745 1877000600
98 361.455566025745 1895000900
99 361.455566025745 1913000500
100 361.455566025745 1931000900
101 361.455566025745 1948000600
102 361.455566025745 1966000300
103 361.455566025745 1983002400
104 361.455566025745 2001001000
105 361.455566025745 2020000600
106 361.455566025745 2039000400
107 361.455566025745 2058000500
108 361.455566025745 2075000300
109 361.455566025745 2092000600
110 361.455566025745 2110000400
111 352.4232975641825 2130000400
112 352.4232975641825 2148000400
113 352.4232975641825 2165000300
114 352.4232975641825 2182000500
115 352.4232975641825 2199000500
116 352.4232975641825 2217000500
117 352.4232975641825 2234000500
118 352.4232975641825 2257000600
119 352.4232975641825 2274000700
120 352.4232975641825 2292000700
121 352.4232975641825 2310000700
122 352.4232975641825 2327000900
123 352.4232975641825 2345000500
124 352.4232975641825 2363000700
125 352.4232975641825 2380001000
126 352.4232975641825 2398000500
127 352.4232975641825 2417001200
128 352.4232975641825 2450000600
129 352.4232975641825 2467000500
130 352.4232975641825 2485001000
131 352.4232975641825 2502000600
132 350.66317770467475 2520000500
133 350.66317770467475 2538001600
134 350.66317770467475 2555002500
135 350.66317770467475 2573000700
136 350.66317770467475 2590000500
137 350.66317770467475 2608000600
138 350.66317770467475 2626000500
139 350.66317770467475 2643000400
140 350.66317770467475 2661000800
141 350.66317770467475 2678000600
142 350.66317770467475 2696000600
143 350.66317770467475 2713001000
144 350.66317770467475 2730001000
145 350.66317770467475 2748000900
146 350.66317770467475 2766000500
147 350.66317770467475 2785000500
148 350.66317770467475 2802002000
149 350.66317770467475 2819000300
150 350.66317770467475 2836000700
151 350.66317770467475 2857000600
152 350.66317770467475 2880000700
153 350.66317770467475 2898000400
154 350.66317770467475 2915001100
155 350.66317770467475 2932001100
156 350.66317770467475 2950000400
157 350.66317770467475 2967000500
158 350.66317770467475 2984000500
159 350.66317770467475 3001000400
160 350.66317770467475 3018000600
161 350.66317770467475 3036000000
162 350.66317770467475 3054000600
163 350.66317770467475 3072000400
164 350.66317770467475 3089000400
165 350.66317770467475 3107000600
166 350.66317770467475 3124000300
167 350.66317770467475 3148000500
168 350.66317770467475 3167000500
169 350.66317770467475 3184002900
170 347.2629923342849 3202002200
171 347.2629923342849 3229000400
172 347.2629923342849 3247000600
173 347.2629923342849 3264000600
174 347.2629923342849 3281000500
175 347.2629923342849 3299000600
176 347.2629923342849 3316000500
177 347.2629923342849 3334000600
178 347.2629923342849 3352001000
179 347.2629923342849 3369000600
180 347.2629923342849 3387001000
181 347.2629923342849 3405000700
182 347.2629923342849 3422000500
183 347.2629923342849 3448000600
184 347.2629923342849 3473000400
185 347.2629923342849 3491000400
186 347.2629923342849 3509000500
187 347.2629923342849 3526000500
188 347.2629923342849 3544000400
189 347.2629923342849 3562000700
190 347.2629923342849 3579000500
191 347.2629923342849 3594001700
192 347.2629923342849 3613999900
193 347.2629923342849 3631000600
194 347.2629923342849 3649000000
195 347.2629923342849 3666999900
196 347.2629923342849 3685000300
197 347.2629923342849 3702000200
198 347.2629923342849 3720001700
199 347.2629923342849 3738000800
200 347.2629923342849 3755000800
201 347.2629923342849 3773000700
202 347.2629923342849 3791000700
203 347.2629923342849 3808000500
204 347.2629923342849 3826000600
205 347.2629923342849 3843000800
206 347.2629923342849 3860002000
207 347.2629923342849 3877000400
208 347.2629923342849 3895000600
209 347.2629923342849 3913000500
210 347.2629923342849 3930000600
211 347.2629923342849 3946999900
212 347.2629923342849 3965000000
213 347.2629923342849 3983000300
214 347.2629923342849 4001002400
215 347.2629923342849 4017000400
216 347.2629923342849 4035000400
--------------------------------
217 345.6848459692508 4053000600
218 345.6848459692508 4071000800
219 345.6848459692508 4088000700
220 345.6848459692508 4109000600
221 345.6848459692508 4127000500
222 345.6848459692508 4145000500
223 345.6848459692508 4165001700
224 345.6848459692508 4183000600
225 345.6848459692508 4202000300
226 345.6848459692508 4221000700
227 345.6848459692508 4238000800
228 345.6848459692508 4256001100
229 345.6848459692508 4273000700
230 345.6848459692508 4291000600
231 345.6848459692508 4309000500
232 345.6848459692508 4327001000
233 345.6848459692508 4344000500
234 345.6848459692508 4362000700
235 345.6848459692508 4379000200
236 345.6848459692508 4397000400
237 345.6848459692508 4414002700
238 345.6848459692508 4432002500
239 345.6848459692508 4450001500
240 345.6848459692508 4467000600
241 345.6848459692508 4485001000
242 345.6848459692508 4505000400
243 345.6848459692508 4523000900
244 345.6848459692508 4541001100
245 345.6848459692508 4558000600
246 345.6848459692508 4576003800
247 345.6848459692508 4593000300
248 345.6848459692508 4623999900
249 345.6848459692508 4640000300
250 345.6848459692508 4658000700
251 345.6848459692508 4676000600
252 345.6848459692508 4698000800
253 345.6848459692508 4717000600
254 345.6848459692508 4734000500
255 345.6848459692508 4752000400
256 345.6848459692508 4770000700
257 345.6848459692508 4788000600
258 345.6848459692508 4804000300
259 345.6848459692508 4822000500
260 345.6848459692508 4836000600
261 345.6848459692508 4851000400
262 345.6848459692508 4871000300
263 345.6848459692508 4889000500
264 345.6848459692508 4907000500
265 345.6848459692508 4926000400
266 345.6848459692508 4943000500
267 345.6848459692508 4961000400
268 345.6848459692508 4978000300
269 345.6848459692508 4996001100
270 345.6848459692508 5013001000
271 345.6848459692508 5033000800
272 345.6848459692508 5050000600
273 345.6848459692508 5069000700
274 345.6848459692508 5086000800
275 345.6848459692508 5103000700
276 345.6848459692508 5123001000
277 345.6848459692508 5141000000
278 345.6848459692508 5163000400
279 345.6848459692508 5181000500
280 345.6848459692508 5198000100
281 345.6848459692508 5216000100
282 345.6848459692508 5233000800
283 345.6848459692508 5251000700
284 345.6848459692508 5268002100
285 345.6848459692508 5285001100
286 345.6848459692508 5301002300
287 345.6848459692508 5319000200
288 345.6848459692508 5336000400
289 345.6848459692508 5354000500
290 345.6848459692508 5371000400
291 345.6848459692508 5389000600
292 345.6848459692508 5406001100
293 345.6848459692508 5424000600
294 345.6848459692508 5441000800
295 345.6848459692508 5459000600
296 345.6848459692508 5478000500
297 345.6848459692508 5496000600
298 345.6848459692508 5514000800
299 345.6848459692508 5531000500
300 345.6848459692508 5550001000
301 345.6848459692508 5569000700
302 345.6848459692508 5587000600
303 345.6848459692508 5605000600
304 345.6848459692508 5636000400
305 345.6848459692508 5655000700
306 345.6848459692508 5672000500
307 345.6848459692508 5690000800
308 345.6848459692508 5707000600
309 345.6848459692508 5725000400
310 345.6848459692508 5742000400
311 345.6848459692508 5760000300
312 345.6848459692508 5776000400
313 345.6848459692508 5792000600
314 345.6848459692508 5809000500
315 345.6848459692508 5826001100
316 345.6848459692508 5844001600
317 345.6848459692508 5865000400
318 345.6848459692508 5883000600
319 345.6848459692508 5903000600
320 345.6848459692508 5920000700
321 345.6848459692508 5938000900
322 345.6848459692508 5956000800
323 345.6848459692508 5974000800
324 345.6848459692508 5992000600
325 345.6848459692508 6009001000
326 345.6848459692508 6027001000
327 345.6848459692508 6044001200
328 345.6848459692508 6063000700
329 345.6848459692508 6078000400
330 345.6848459692508 6096001000
331 345.6848459692508 6113000700
332 345.6848459692508 6131000400
333 345.6848459692508 6148000300
334 345.6848459692508 6166000300
335 345.6848459692508 6186000600
336 345.6848459692508 6206001100
337 345.6848459692508 6223001000
338 345.6848459692508 6241000800
339 345.6848459692508 6259001000
340 345.6848459692508 6276001000
341 345.6848459692508 6293001100
342 345.6848459692508 6310000300
343 345.6848459692508 6336000600
344 345.6848459692508 6354000500
345 345.6848459692508 6374000900
346 345.6848459692508 6389001500
347 345.6848459692508 6407003000
348 345.6848459692508 6424000400
349 345.6848459692508 6442001700
350 345.6848459692508 6460000700
351 345.6848459692508 6476001000
352 345.6848459692508 6494000900
353 345.6848459692508 6511002000
354 345.6848459692508 6529001000
355 345.6848459692508 6542000800
356 345.6848459692508 6560000400
357 345.6848459692508 6577000600
358 345.6848459692508 6596000800
359 345.6848459692508 6615000500
360 345.6848459692508 6633000800
361 345.6848459692508 6651001000
362 345.6848459692508 6669000300
363 345.6848459692508 6687000000
364 345.6848459692508 6704000300
365 345.6848459692508 6722000400
366 345.6848459692508 6739000500
367 345.6848459692508 6757000500
368 345.6848459692508 6775000700
369 345.6848459692508 6792002800
370 345.6848459692508 6810000900
371 345.6848459692508 6828001000
372 345.6848459692508 6846000600
373 345.6848459692508 6863000900
374 345.6848459692508 6881000900
375 345.6848459692508 6899001000
376 345.6848459692508 6917000800
377 345.6848459692508 6934001100
378 345.6848459692508 6952001000
379 345.6848459692508 6969000800
380 345.6848459692508 6987000700
381 345.6848459692508 7005000600
382 345.6848459692508 7023000500
383 345.6848459692508 7040000400
384 345.6848459692508 7058000700
385 345.6848459692508 7076000700
386 345.6848459692508 7093000500
387 345.6848459692508 7111000500
388 345.6848459692508 7129000700
389 345.6848459692508 7146000500
390 345.6848459692508 7164000500
391 345.6848459692508 7181000500
392 345.6848459692508 7198000600
393 345.6848459692508 7215000300
394 345.6848459692508 7233000500
395 345.6848459692508 7251000500
396 345.6848459692508 7269000600
397 345.6848459692508 7287000700
398 345.6848459692508 7304000600
399 345.6848459692508 7322000700
400 345.6848459692508 7343000600
401 345.6848459692508 7361000700
402 345.6848459692508 7378000600
403 345.6848459692508 7399000600
404 345.6848459692508 7417000900
405 345.6848459692508 7434000600
406 345.6848459692508 7452001000
407 345.6848459692508 7469000700
408 345.6848459692508 7486000700
409 345.6848459692508 7504000700
410 345.6848459692508 7521000900
411 345.6848459692508 7539002500
412 345.6848459692508 7556000500
413 345.6848459692508 7574000600
414 345.6848459692508 7591000600
415 345.6848459692508 7610000800
416 345.6848459692508 7627000600
417 345.6848459692508 7645001600
418 345.6848459692508 7663000500
419 345.6848459692508 7681000900
420 345.6848459692508 7698000300
421 345.6848459692508 7716000600
422 345.6848459692508 7734000200
423 345.6848459692508 7752000700
424 345.6848459692508 7770001200
425 345.6848459692508 7787000500
426 345.6848459692508 7805000800
427 345.6848459692508 7823000900
428 345.6848459692508 7840000500
429 345.6848459692508 7858000600
430 345.6848459692508 7875000500
431 345.6848459692508 7893000900
432 345.6848459692508 7911002700
433 345.6848459692508 7928001900
434 345.6848459692508 7946002200
435 345.6848459692508 7964002400
436 345.6848459692508 7981000500
437 345.6848459692508 7999000400
438 345.6848459692508 8016000300
439 345.6848459692508 8034000500
440 345.6848459692508 8053000300
441 345.6848459692508 8070000500
442 345.6848459692508 8089000800
443 345.6848459692508 8107000800
444 345.6848459692508 8125000800
445 345.6848459692508 8143001000
446 345.6848459692508 8160000700
447 345.6848459692508 8178000800
448 345.6848459692508 8195001900
449 345.6848459692508 8213000500
450 345.6848459692508 8230000600
451 345.6848459692508 8248000500
452 345.6848459692508 8267000800
453 345.6848459692508 8284000600
454 345.6848459692508 8306999700
455 345.6848459692508 8325001100
456 345.6848459692508 8342000200
457 345.6848459692508 8359000500
458 345.6848459692508 8377000700
459 345.6848459692508 8394002000
460 345.6848459692508 8412000800
461 345.6848459692508 8429000400
462 345.6848459692508 8447000800
463 345.6848459692508 8465001000
464 345.6848459692508 8482000700
465 345.6848459692508 8500000800
466 345.6848459692508 8517000500
467 345.6848459692508 8535000800
468 345.6848459692508 8552000400
469 345.6848459692508 8570000400
470 345.6848459692508 8588000600
471 345.6848459692508 8606000700
472 345.6848459692508 8623000500
473 345.6848459692508 8641000900
474 345.6848459692508 8659000800
475 345.6848459692508 8676000600
476 345.6848459692508 8694000600
477 345.6848459692508 8712000800
478 345.6848459692508 8729000700
479 345.6848459692508 8747000800
480 345.6848459692508 8764000500
481 345.6848459692508 8781000500
482 345.6848459692508 8800000600
483 345.6848459692508 8818000800
484 345.6848459692508 8836000800
485 345.6848459692508 8853000900
486 345.6848459692508 8871000900
487 345.6848459692508 8890000300
488 345.6848459692508 8907000900
489 345.6848459692508 8925000600
490 345.6848459692508 8943000900
491 345.6848459692508 8960000700
492 345.6848459692508 8978001200
493 345.6848459692508 8996000800
494 345.6848459692508 9013000400
495 345.6848459692508 9031000200
496 345.6848459692508 9048000400
497 345.6848459692508 9066000300
498 345.6848459692508 9084000500
499 345.6848459692508 9102001100
Best cost: 345.6848459692508
Path taken: 0 16 18 15 11 9 19 5 13 7 2 3 10 4 14 17 12 6 8 1