0 509.3470745880126
1 482.0121584569446
2 469.2329744138336
3 469.2329744138336
4 469.2329744138336
5 469.2329744138336
6 437.3713612234748
7 437.3713612234748
8 437.3713612234748
9 437.3713612234748
10 437.3713612234748
11 437.3713612234748
12 437.3713612234748
13 437.3713612234748
14 437.3713612234748
15 437.3713612234748
16 437.3713612234748
17 418.61403038363034
18 418.61403038363034
19 418.61403038363034
20 418.61403038363034
21 418.61403038363034
22 418.61403038363034
23 418.61403038363034
24 418.61403038363034
25 413.09540454649846
26 413.09540454649846
27 413.09540454649846
28 413.09540454649846
29 413.09540454649846
30 413.09540454649846
31 413.09540454649846
32 413.09540454649846
33 413.09540454649846
34 413.09540454649846
35 413.09540454649846
36 413.09540454649846
37 413.09540454649846
38 413.09540454649846
39 413.09540454649846
40 413.09540454649846
41 413.09540454649846
42 413.09540454649846
43 413.09540454649846
44 396.2489350227083
45 396.2489350227083
46 396.2489350227083
47 396.2489350227083
48 396.2489350227083
49 396.2489350227083
50 396.2489350227083
51 380.23968704414676
52 380.23968704414676
53 380.23968704414676
54 380.23968704414676
55 380.23968704414676
56 380.23968704414676
57 380.23968704414676
58 380.23968704414676
59 380.23968704414676
60 380.23968704414676
61 380.23968704414676
62 380.23968704414676
63 380.23968704414676
64 380.23968704414676
65 380.23968704414676
66 380.23968704414676
67 380.23968704414676
68 380.23968704414676
69 380.23968704414676
70 380.23968704414676
71 380.23968704414676
72 380.23968704414676
73 380.23968704414676
74 380.23968704414676
75 380.23968704414676
76 355.06696484542294
77 355.06696484542294
78 355.06696484542294
79 355.06696484542294
80 355.06696484542294
81 355.06696484542294
82 355.06696484542294
83 355.06696484542294
84 355.06696484542294
85 355.06696484542294
86 355.06696484542294
87 355.06696484542294
88 355.06696484542294
89 355.06696484542294
90 355.06696484542294
91 355.06696484542294
92 355.06696484542294
93 355.06696484542294
94 355.06696484542294
95 355.06696484542294
96 355.06696484542294
97 355.06696484542294
98 355.06696484542294
99 355.06696484542294
100 355.06696484542294
101 355.06696484542294
102 355.06696484542294
103 355.06696484542294
104 355.06696484542294
105 355.06696484542294
106 355.06696484542294
107 355.06696484542294
108 355.06696484542294
109 355.06696484542294
110 355.06696484542294
111 355.06696484542294
112 355.06696484542294
113 355.06696484542294
114 355.06696484542294
115 355.06696484542294
116 355.06696484542294
117 347.8878423989892
118 347.8878423989892
119 347.8878423989892
120 347.8878423989892
121 347.8878423989892
122 347.8878423989892
123 347.8878423989892
124 347.8878423989892
125 347.8878423989892
126 347.8878423989892
127 347.8878423989892
128 347.8878423989892
129 347.8878423989892
130 347.8878423989892
131 347.8878423989892
132 347.8878423989892
133 347.8878423989892
134 347.8878423989892
135 347.8878423989892
136 347.8878423989892
137 347.8878423989892
138 347.8878423989892
139 347.8878423989892
140 347.8878423989892
141 347.8878423989892
142 347.8878423989892
143 347.8878423989892
144 347.8878423989892
145 347.8878423989892
146 347.8878423989892
147 347.8878423989892
148 347.8878423989892
149 347.8878423989892
150 347.8878423989892
151 347.8878423989892
152 347.8878423989892
153 347.8878423989892
154 347.8878423989892
155 347.8878423989892
156 347.8878423989892
157 347.8878423989892
158 347.8878423989892
159 347.8878423989892
160 347.8878423989892
161 347.8878423989892
162 347.8878423989892
163 347.8878423989892
164 347.8878423989892
165 347.8878423989892
166 347.8878423989892
167 347.8878423989892
168 347.8878423989892
169 347.8878423989892
170 347.8878423989892
171 347.8878423989892
172 347.8878423989892
173 345.6848459692508
174 345.6848459692508
175 345.6848459692508
176 345.6848459692508
177 345.6848459692508
178 345.6848459692508
179 345.6848459692508
180 345.6848459692508
181 345.6848459692508
182 345.6848459692508
183 345.6848459692508
184 345.6848459692508
185 345.6848459692508
186 345.6848459692508
187 345.6848459692508
188 345.6848459692508
189 345.6848459692508
190 345.6848459692508
191 345.6848459692508
192 345.6848459692508
193 345.6848459692508
194 345.6848459692508
195 345.6848459692508
196 345.6848459692508
197 345.6848459692508
198 345.6848459692508
199 345.6848459692508
200 345.6848459692508
201 345.6848459692508
202 345.6848459692508
203 345.6848459692508
204 345.6848459692508
205 345.6848459692508
206 345.6848459692508
207 345.6848459692508
208 345.6848459692508
209 345.6848459692508
210 345.6848459692508
211 345.6848459692508
212 345.6848459692508
213 345.6848459692508
214 345.6848459692508
215 345.6848459692508
216 345.6848459692508
217 345.6848459692508
218 345.6848459692508
219 345.6848459692508
220 345.6848459692508
221 345.6848459692508
222 345.6848459692508
223 345.6848459692508
224 345.6848459692508
225 345.6848459692508
226 345.6848459692508
227 345.6848459692508
228 345.6848459692508
229 345.6848459692508
230 345.6848459692508
231 345.6848459692508
232 345.6848459692508
233 345.6848459692508
234 345.6848459692508
235 345.6848459692508
236 345.6848459692508
237 345.6848459692508
238 345.6848459692508
239 345.6848459692508
240 345.6848459692508
241 345.6848459692508
242 345.6848459692508
243 345.6848459692508
244 345.6848459692508
245 345.6848459692508
246 345.6848459692508
247 345.6848459692508
248 345.6848459692508
249 345.6848459692508
250 345.6848459692508
251 345.6848459692508
252 345.6848459692508
253 345.6848459692508
254 345.6848459692508
255 345.6848459692508
256 345.6848459692508
257 345.6848459692508
258 345.6848459692508
259 345.6848459692508
260 345.6848459692508
261 345.6848459692508
262 345.6848459692508
263 345.6848459692508
264 345.6848459692508
265 345.6848459692508
266 345.6848459692508
267 345.6848459692508
268 345.6848459692508
269 345.6848459692508
270 345.6848459692508
271 345.6848459692508
272 345.6848459692508
273 345.6848459692508
274 345.6848459692508
275 345.6848459692508
276 345.6848459692508
277 345.6848459692508
278 345.6848459692508
279 345.6848459692508
280 345.6848459692508
281 345.6848459692508
282 345.6848459692508
283 345.6848459692508
284 345.6848459692508
285 345.6848459692508
286 345.6848459692508
287 345.6848459692508
288 345.6848459692508
289 345.6848459692508
290 345.6848459692508
291 345.6848459692508
292 345.6848459692508
293 345.6848459692508
294 345.6848459692508
295 345.6848459692508
296 345.6848459692508
297 345.6848459692508
298 345.6848459692508
299 345.6848459692508
300 345.6848459692508
301 345.6848459692508
302 345.6848459692508
303 345.6848459692508
304 345.6848459692508
305 345.6848459692508
306 345.6848459692508
307 345.6848459692508
308 345.6848459692508
309 345.6848459692508
310 345.6848459692508
311 345.6848459692508
312 345.6848459692508
313 345.6848459692508
314 345.6848459692508
315 345.6848459692508
316 345.6848459692508
317 345.6848459692508
318 345.6848459692508
319 345.6848459692508
320 345.6848459692508
321 345.6848459692508
322 345.6848459692508
323 345.6848459692508
324 345.6848459692508
325 345.6848459692508
326 345.6848459692508
327 345.6848459692508
328 345.6848459692508
329 345.6848459692508
330 345.6848459692508
331 345.6848459692508
332 345.6848459692508
333 345.6848459692508
334 345.6848459692508
335 345.6848459692508
336 345.6848459692508
337 345.6848459692508
338 345.6848459692508
339 345.6848459692508
340 345.6848459692508
341 345.6848459692508
342 345.6848459692508
343 345.6848459692508
344 345.6848459692508
345 345.6848459692508
346 345.6848459692508
347 345.6848459692508
348 345.6848459692508
349 345.6848459692508
350 345.6848459692508
351 345.6848459692508
352 345.6848459692508
353 345.6848459692508
354 345.6848459692508
355 345.6848459692508
356 345.6848459692508
357 345.6848459692508
358 345.6848459692508
359 345.6848459692508
360 345.6848459692508
361 345.6848459692508
362 345.6848459692508
363 345.6848459692508
364 345.6848459692508
365 345.6848459692508
366 345.6848459692508
367 345.6848459692508
368 345.6848459692508
369 345.6848459692508
370 345.6848459692508
371 345.6848459692508
372 345.6848459692508
373 345.6848459692508
374 345.6848459692508
375 345.6848459692508
376 345.6848459692508
377 345.6848459692508
378 345.6848459692508
379 345.6848459692508
380 345.6848459692508
381 345.6848459692508
382 345.6848459692508
383 345.6848459692508
384 345.6848459692508
385 345.6848459692508
386 345.6848459692508
387 345.6848459692508
388 345.6848459692508
389 345.6848459692508
390 345.6848459692508
391 345.6848459692508
392 345.6848459692508
393 345.6848459692508
394 345.6848459692508
395 345.6848459692508
396 345.6848459692508
397 345.6848459692508
398 345.6848459692508
399 345.6848459692508
400 345.6848459692508
401 345.6848459692508
402 345.6848459692508
403 345.6848459692508
404 345.6848459692508
405 345.6848459692508
406 345.6848459692508
407 345.6848459692508
408 345.6848459692508
409 345.6848459692508
410 345.6848459692508
411 345.6848459692508
412 345.6848459692508
413 345.6848459692508
414 345.6848459692508
415 345.6848459692508
416 345.6848459692508
417 345.6848459692508
418 345.6848459692508
419 345.6848459692508
420 345.6848459692508
421 345.6848459692508
422 345.6848459692508
423 345.6848459692508
424 345.6848459692508
425 345.6848459692508
426 345.6848459692508
427 345.6848459692508
428 345.6848459692508
429 345.6848459692508
430 345.6848459692508
431 345.6848459692508
432 345.6848459692508
433 345.6848459692508
434 345.6848459692508
435 345.6848459692508
436 345.6848459692508
437 345.6848459692508
438 345.6848459692508
439 345.6848459692508
440 345.6848459692508
441 345.6848459692508
442 345.6848459692508
443 345.6848459692508
444 345.6848459692508
445 345.6848459692508
446 345.6848459692508
447 345.6848459692508
448 345.6848459692508
449 345.6848459692508
450 345.6848459692508
451 345.6848459692508
452 345.6848459692508
453 345.6848459692508
454 345.6848459692508
455 345.6848459692508
456 345.6848459692508
457 345.6848459692508
458 345.6848459692508
459 345.6848459692508
460 345.6848459692508
461 345.6848459692508
462 345.6848459692508
463 345.6848459692508
464 345.6848459692508
465 345.6848459692508
466 345.6848459692508
467 345.6848459692508
468 345.6848459692508
469 345.6848459692508
470 345.6848459692508
471 345.6848459692508
472 345.6848459692508
473 345.6848459692508
474 345.6848459692508
475 345.6848459692508
476 345.6848459692508
477 345.6848459692508
478 345.6848459692508
479 345.6848459692508
480 345.6848459692508
481 345.6848459692508
482 345.6848459692508
483 345.6848459692508
484 345.6848459692508
485 345.6848459692508
486 345.6848459692508
487 345.6848459692508
488 345.6848459692508
489 345.6848459692508
490 345.6848459692508
491 345.6848459692508
492 345.6848459692508
493 345.6848459692508
494 345.6848459692508
495 345.6848459692508
496 345.6848459692508
497 345.6848459692508
498 345.6848459692508
499 345.6848459692508
Best cost: 345.6848459692508
Path taken: 0 16 18 15 11 9 19 5 13 7 2 3 10 4 14 17 12 6 8 1