0 472.78085521696386 19018400
1 468.3110124914651 27000900
2 468.3110124914651 35001600
3 468.3110124914651 44001800
4 468.3110124914651 51999400
5 468.3110124914651 61011300
6 444.3781706624187 69107500
7 444.3781706624187 78154900
8 444.3781706624187 86139100
9 435.0799470751949 95113200
10 435.0799470751949 103139200
11 435.0799470751949 112150200
12 435.0799470751949 121138700
13 435.0799470751949 129140500
14 435.0799470751949 138139500
15 423.2368122890903 146138800
16 423.2368122890903 155144800
17 423.2368122890903 163112600
18 423.2368122890903 171112800
19 423.2368122890903 180112700
20 423.2368122890903 188115900
21 423.2368122890903 197115900
22 423.2368122890903 205116300
23 423.2368122890903 214148900
24 423.2368122890903 226147300
25 423.2368122890903 234139600
26 423.2368122890903 243139300
27 423.2368122890903 255147500
28 423.2368122890903 263112800
29 423.2368122890903 272112900
30 423.2368122890903 280113100
31 423.2368122890903 289112800
32 423.2368122890903 297112800
33 423.2368122890903 305112900
34 414.6556080860552 314112700
35 414.6556080860552 322112600
36 414.6556080860552 331112900
37 414.6556080860552 339112600
38 414.6556080860552 348112800
39 414.6556080860552 356112800
40 414.6556080860552 364112700
41 414.6556080860552 374112800
42 414.6556080860552 382112700
43 414.6556080860552 391112800
44 414.6556080860552 399112600
45 386.0355565694934 407112800
46 386.0355565694934 416112800
47 386.0355565694934 424112700
48 386.0355565694934 432112700
49 386.0355565694934 441112700
50 386.0355565694934 449112700
51 386.0355565694934 458114100
52 386.0355565694934 466112700
53 386.0355565694934 474112800
54 386.0355565694934 483114000
55 377.56697300838283 491112700
56 377.56697300838283 499112700
57 377.56697300838283 508114300
58 377.56697300838283 516113300
59 377.56697300838283 524112700
60 377.56697300838283 533114100
61 377.56697300838283 543112200
62 377.56697300838283 551112700
63 377.56697300838283 559112700
64 373.9526413661152 568112900
65 373.9526413661152 576112700
66 373.9526413661152 584114800
67 373.9526413661152 593114700
68 373.9526413661152 602117300
69 373.9526413661152 619114600
70 373.9526413661152 637112900
71 373.9526413661152 647112700
72 373.9526413661152 655113000
73 373.9526413661152 664113000
74 373.9526413661152 672112700
75 373.9526413661152 681114600
76 373.9526413661152 689116000
77 373.9526413661152 697115900
78 373.9526413661152 706116000
79 373.9526413661152 714116000
80 373.9526413661152 723116400
81 355.06696484542283 731115800
82 355.06696484542283 739116300
83 355.06696484542283 747116000
84 355.06696484542283 756116000
85 355.06696484542283 764116000
86 355.06696484542283 772116900
87 355.06696484542283 781116400
88 355.06696484542283 790116300
89 355.06696484542283 799116300
90 355.06696484542283 807116200
91 355.06696484542283 816116100
92 355.06696484542283 824116300
93 355.06696484542283 833116400
94 355.06696484542283 841116000
95 355.06696484542283 850116300
96 355.06696484542283 858115900
97 355.06696484542283 867114900
98 355.06696484542283 875113500
99 355.06696484542283 887113500
100 355.06696484542283 897147600
101 355.06696484542283 905139100
102 355.06696484542283 913142300
103 355.06696484542283 922140300
104 355.06696484542283 930139700
105 355.06696484542283 938138700
106 355.06696484542283 947139500
107 355.06696484542283 955140800
108 355.06696484542283 963140900
109 355.06696484542283 972138900
110 355.06696484542283 980139300
111 355.06696484542283 988138900
112 355.06696484542283 997140100
113 355.06696484542283 1005140800
114 355.06696484542283 1013139700
115 355.06696484542283 1022138300
116 355.06696484542283 1032139100
117 355.06696484542283 1041141500
118 355.06696484542283 1050138400
119 355.06696484542283 1058112900
120 355.06696484542283 1066112800
121 355.06696484542283 1075112800
122 355.06696484542283 1083112600
123 355.06696484542283 1092147000
124 355.06696484542283 1100146900
125 355.06696484542283 1108146900
126 355.06696484542283 1117139200
127 355.06696484542283 1125141000
128 355.06696484542283 1133138400
129 355.06696484542283 1142139600
130 355.06696484542283 1150139900
131 355.06696484542283 1158141800
132 355.06696484542283 1168141900
133 355.06696484542283 1176138200
134 355.06696484542283 1184139000
135 355.06696484542283 1193139700
136 355.06696484542283 1201139600
137 355.06696484542283 1209142900
138 355.06696484542283 1218138500
139 355.06696484542283 1226139500
140 355.06696484542283 1234112800
141 355.06696484542283 1243112700
142 355.06696484542283 1251112700
143 355.06696484542283 1260112800
144 355.06696484542283 1268147400
145 355.06696484542283 1276149300
146 355.06696484542283 1285138300
147 355.06696484542283 1293138700
148 353.57156221552106 1301141300
149 353.57156221552106 1310138600
150 353.57156221552106 1318141100
151 353.57156221552106 1326139200
152 353.57156221552106 1335141100
153 353.57156221552106 1343138000
154 353.57156221552106 1351139600
155 353.57156221552106 1364140800
156 353.57156221552106 1376116300
157 353.57156221552106 1384116000
158 353.57156221552106 1393116000
159 353.57156221552106 1401116000
160 353.57156221552106 1410146300
161 353.57156221552106 1418150100
162 353.57156221552106 1427148900
163 353.57156221552106 1435140400
164 353.57156221552106 1444140300
165 353.57156221552106 1452138900
166 353.57156221552106 1460138600
167 353.57156221552106 1469139500
168 353.57156221552106 1477138600
169 353.57156221552106 1485141600
170 353.57156221552106 1493138400
171 353.57156221552106 1502149300
172 353.57156221552106 1510138600
173 352.4232975641825 1519150300
174 352.4232975641825 1527144100
175 351.28802776937914 1536145600
176 351.28802776937914 1544138700
177 346.30969603395516 1553139000
178 346.30969603395516 1561139000
179 346.30969603395516 1569140900
180 346.30969603395516 1577139900
181 346.30969603395516 1586140300
182 346.30969603395516 1594138800
183 346.30969603395516 1602139700
184 346.30969603395516 1611138400
185 346.30969603395516 1619139000
186 346.30969603395516 1627140500
187 346.30969603395516 1636139700
188 346.30969603395516 1644139000
189 346.30969603395516 1652142300
190 346.30969603395516 1661138900
191 346.30969603395516 1669138300
--------------------------------
192 345.6848459692508 1677138500
193 345.6848459692508 1686144200
194 345.6848459692508 1694139400
195 345.6848459692508 1702138700
196 345.6848459692508 1711138400
197 345.6848459692508 1719138600
198 345.6848459692508 1727140500
199 345.6848459692508 1736144000
200 345.6848459692508 1744139300
201 345.6848459692508 1752139400
202 345.6848459692508 1761138400
203 345.6848459692508 1769141000
204 345.6848459692508 1777142200
205 345.6848459692508 1786146400
206 345.6848459692508 1794146800
207 345.6848459692508 1803146900
208 345.6848459692508 1811151000
209 345.6848459692508 1819138300
210 345.6848459692508 1828139500
211 345.6848459692508 1836141800
212 345.6848459692508 1844140800
213 345.6848459692508 1853112800
214 345.6848459692508 1861112700
215 345.6848459692508 1870148500
216 345.6848459692508 1878139900
217 345.6848459692508 1886138900
218 345.6848459692508 1895138600
219 345.6848459692508 1903138300
220 345.6848459692508 1911145500
221 345.6848459692508 1920140100
222 345.6848459692508 1928141700
223 345.6848459692508 1937140700
224 345.6848459692508 1945139000
225 345.6848459692508 1953140900
226 345.6848459692508 1961141800
227 345.6848459692508 1970139100
228 345.6848459692508 1978138500
229 345.6848459692508 1986138800
230 345.6848459692508 1995138700
231 345.6848459692508 2003138100
232 345.6848459692508 2011139600
233 345.6848459692508 2019143600
234 345.6848459692508 2028114600
235 345.6848459692508 2036139600
236 345.6848459692508 2045141200
237 345.6848459692508 2053139300
238 345.6848459692508 2061139200
239 345.6848459692508 2070139500
240 345.6848459692508 2078142700
241 345.6848459692508 2086113600
242 345.6848459692508 2095112800
243 345.6848459692508 2104113000
244 345.6848459692508 2112112700
245 345.6848459692508 2120112700
246 345.6848459692508 2129112700
247 345.6848459692508 2137112600
248 345.6848459692508 2145112800
249 345.6848459692508 2154113000
250 345.6848459692508 2162112700
251 345.6848459692508 2170112700
252 345.6848459692508 2178112600
253 345.6848459692508 2187112700
254 345.6848459692508 2195112600
255 345.6848459692508 2203112700
256 345.6848459692508 2212113300
257 345.6848459692508 2220112700
258 345.6848459692508 2229112800
259 345.6848459692508 2237112700
260 345.6848459692508 2245112900
261 345.6848459692508 2254112800
262 345.6848459692508 2265143800
263 345.6848459692508 2278112800
264 345.6848459692508 2286112800
265 345.6848459692508 2295112700
266 345.6848459692508 2303112700
267 345.6848459692508 2312112800
268 345.6848459692508 2320112800
269 345.6848459692508 2329112700
270 345.6848459692508 2337112700
271 345.6848459692508 2346112800
272 345.6848459692508 2354112600
273 345.6848459692508 2362112700
274 345.6848459692508 2371113000
275 345.6848459692508 2379112700
276 345.6848459692508 2387115200
277 345.6848459692508 2396114700
278 345.6848459692508 2404114700
279 345.6848459692508 2412114700
280 345.6848459692508 2421112800
281 345.6848459692508 2429112700
282 345.6848459692508 2437112700
283 345.6848459692508 2446112700
284 345.6848459692508 2454112800
285 345.6848459692508 2463112700
286 345.6848459692508 2471112700
287 345.6848459692508 2479112800
288 345.6848459692508 2488114600
289 345.6848459692508 2496114500
290 345.6848459692508 2504114600
291 345.6848459692508 2513115000
292 345.6848459692508 2521114600
293 345.6848459692508 2529115100
294 345.6848459692508 2538118200
295 345.6848459692508 2546116000
296 345.6848459692508 2555116000
297 345.6848459692508 2563115900
298 345.6848459692508 2571115800
299 345.6848459692508 2580115900
300 345.6848459692508 2588115900
301 345.6848459692508 2597115800
302 345.6848459692508 2605116300
303 345.6848459692508 2613113000
304 345.6848459692508 2622148800
305 345.6848459692508 2631148900
306 345.6848459692508 2639139000
307 345.6848459692508 2648138900
308 345.6848459692508 2656141400
309 345.6848459692508 2665145800
310 345.6848459692508 2673138400
311 345.6848459692508 2681138600
312 345.6848459692508 2693112900
313 345.6848459692508 2701112800
314 345.6848459692508 2709112800
315 345.6848459692508 2718112900
316 345.6848459692508 2726112800
317 345.6848459692508 2734112700
318 345.6848459692508 2743112800
319 345.6848459692508 2751112800
320 345.6848459692508 2759112700
321 345.6848459692508 2768112700
322 345.6848459692508 2776112700
323 345.6848459692508 2784112800
324 345.6848459692508 2793112800
325 345.6848459692508 2801112700
326 345.6848459692508 2810114200
327 345.6848459692508 2818115600
328 345.6848459692508 2826115600
329 345.6848459692508 2835115900
330 345.6848459692508 2843115800
331 345.6848459692508 2851115500
332 345.6848459692508 2860115700
333 345.6848459692508 2868116100
334 345.6848459692508 2881149200
335 345.6848459692508 2889112900
336 345.6848459692508 2898112800
337 345.6848459692508 2906116100
338 345.6848459692508 2914116100
339 345.6848459692508 2922112700
340 345.6848459692508 2931112900
341 345.6848459692508 2944144500
342 345.6848459692508 2953112800
343 345.6848459692508 2961112700
344 345.6848459692508 2969112700
345 345.6848459692508 2978112900
346 345.6848459692508 2986115700
347 345.6848459692508 2994115600
348 345.6848459692508 3003115600
349 345.6848459692508 3011115700
350 345.6848459692508 3019115500
351 345.6848459692508 3027115600
352 345.6848459692508 3036116100
353 345.6848459692508 3044115900
354 345.6848459692508 3052116000
355 345.6848459692508 3060116000
356 345.6848459692508 3069116000
357 345.6848459692508 3077115700
358 345.6848459692508 3085116300
359 345.6848459692508 3094116200
360 345.6848459692508 3102115800
361 345.6848459692508 3110113000
362 345.6848459692508 3119112900
363 345.6848459692508 3127116100
364 345.6848459692508 3135116000
365 345.6848459692508 3144116200
366 345.6848459692508 3152116100
367 345.6848459692508 3160115900
368 345.6848459692508 3169116100
369 345.6848459692508 3177116000
370 345.6848459692508 3185115900
371 345.6848459692508 3194112800
372 345.6848459692508 3202112900
373 345.6848459692508 3211112900
374 345.6848459692508 3219116800
375 345.6848459692508 3227115900
376 345.6848459692508 3236113400
377 345.6848459692508 3244140200
378 345.6848459692508 3252115800
379 345.6848459692508 3261115600
380 345.6848459692508 3269115600
381 345.6848459692508 3277115500
382 345.6848459692508 3286115900
383 345.6848459692508 3294115900
384 345.6848459692508 3302115900
385 345.6848459692508 3311115800
386 345.6848459692508 3320117000
387 345.6848459692508 3329118500
388 345.6848459692508 3338116600
389 345.6848459692508 3346116100
390 345.6848459692508 3355113600
391 345.6848459692508 3363113600
392 345.6848459692508 3372113500
393 345.6848459692508 3385113800
394 345.6848459692508 3397113500
395 345.6848459692508 3406113400
396 345.6848459692508 3414113500
397 345.6848459692508 3423140600
398 345.6848459692508 3433112700
399 345.6848459692508 3442112900
400 345.6848459692508 3450112600
401 345.6848459692508 3458112700
402 345.6848459692508 3466112700
403 345.6848459692508 3475112800
404 345.6848459692508 3483112600
405 345.6848459692508 3491112600
406 345.6848459692508 3500112700
407 345.6848459692508 3508115500
408 345.6848459692508 3517115700
409 345.6848459692508 3525115700
410 345.6848459692508 3533115400
411 345.6848459692508 3542115600
412 345.6848459692508 3550115500
413 345.6848459692508 3559116100
414 345.6848459692508 3567116400
415 345.6848459692508 3575115700
416 345.6848459692508 3584116000
417 345.6848459692508 3592116100
418 345.6848459692508 3600116000
419 345.6848459692508 3609116000
420 345.6848459692508 3617116200
421 345.6848459692508 3625116100
422 345.6848459692508 3634115900
423 345.6848459692508 3642115800
424 345.6848459692508 3650115900
425 345.6848459692508 3659115800
426 345.6848459692508 3667115900
427 345.6848459692508 3676116200
428 345.6848459692508 3684112900
429 345.6848459692508 3692112900
430 345.6848459692508 3702112900
431 345.6848459692508 3711112900
432 345.6848459692508 3719112900
433 345.6848459692508 3727112900
434 345.6848459692508 3736112800
435 345.6848459692508 3747113400
436 345.6848459692508 3755112800
437 345.6848459692508 3764112800
438 345.6848459692508 3772112700
439 345.6848459692508 3784112600
440 345.6848459692508 3793114500
441 345.6848459692508 3801114500
442 345.6848459692508 3809114600
443 345.6848459692508 3818114400
444 345.6848459692508 3826114700
445 345.6848459692508 3834114600
446 345.6848459692508 3843116000
447 345.6848459692508 3851115800
448 345.6848459692508 3859116000
449 345.6848459692508 3868116500
450 345.6848459692508 3876116000
451 345.6848459692508 3884113400
452 345.6848459692508 3893112900
453 345.6848459692508 3901113000
454 345.6848459692508 3909113100
455 345.6848459692508 3918112800
456 345.6848459692508 3926112900
457 345.6848459692508 3935113500
458 345.6848459692508 3944112900
459 345.6848459692508 3953112700
460 345.6848459692508 3961112600
461 345.6848459692508 3969112700
462 345.6848459692508 3978112800
463 345.6848459692508 3986112700
464 345.6848459692508 3994112800
465 345.6848459692508 4003112700
466 345.6848459692508 4011112700
467 345.6848459692508 4019112700
468 345.6848459692508 4028112800
469 345.6848459692508 4036112700
470 345.6848459692508 4045112900
471 345.6848459692508 4053112700
472 345.6848459692508 4061112700
473 345.6848459692508 4070112900
474 345.6848459692508 4078112700
475 345.6848459692508 4086112700
476 345.6848459692508 4094112700
477 345.6848459692508 4103112700
478 345.6848459692508 4111112600
479 345.6848459692508 4119112700
480 345.6848459692508 4128112800
481 345.6848459692508 4136112800
482 345.6848459692508 4144112800
483 345.6848459692508 4153112700
484 345.6848459692508 4161112600
485 345.6848459692508 4169112700
486 345.6848459692508 4178112700
487 345.6848459692508 4186115500
488 345.6848459692508 4194114600
489 345.6848459692508 4203114900
490 345.6848459692508 4211114400
491 345.6848459692508 4219112800
492 345.6848459692508 4227112800
493 345.6848459692508 4236112700
494 345.6848459692508 4244112700
495 345.6848459692508 4252114600
496 345.6848459692508 4261114800
497 345.6848459692508 4269114600
498 345.6848459692508 4277114500
499 345.6848459692508 4286112800
Best cost: 345.6848459692508
Path taken: 0 16 18 15 11 9 19 5 13 7 2 3 10 4 14 17 12 6 8 1