0 489.4083499245337 61999600
1 478.5609901582862 79999600
2 478.5609901582862 97999500
3 478.5609901582862 114999600
4 478.5609901582862 132999600
5 475.28922108471386 150999500
6 454.85548338365595 168999600
7 454.85548338365595 193999500
8 454.85548338365595 211999500
9 454.85548338365595 229999400
10 454.85548338365595 255999600
11 445.883639805617 273999600
12 445.883639805617 342999400
13 445.883639805617 382000000
14 445.883639805617 403999100
15 445.883639805617 425999400
16 445.883639805617 443999400
17 445.883639805617 461999300
18 440.8312410140574 479999300
19 440.8312410140574 497999400
20 412.4530068232388 515999400
21 412.4530068232388 567999900
22 412.4530068232388 586000900
23 412.4530068232388 609999600
24 394.72184043457105 629000000
25 394.72184043457105 647999700
26 394.72184043457105 664999500
27 394.72184043457105 682999700
28 394.72184043457105 716999600
29 394.72184043457105 764999500
30 394.72184043457105 790999700
31 394.72184043457105 808999700
32 394.72184043457105 826999600
33 394.72184043457105 843999500
34 394.72184043457105 861999500
35 394.72184043457105 897999500
36 394.72184043457105 914999900
37 394.72184043457105 960999300
38 394.72184043457105 977999700
39 394.72184043457105 995999600
40 394.72184043457105 1013999300
41 394.72184043457105 1031999500
42 394.72184043457105 1055999600
43 394.72184043457105 1081999500
44 394.72184043457105 1101000300
45 394.72184043457105 1155999500
46 394.72184043457105 1180999400
47 394.72184043457105 1207000100
48 394.72184043457105 1224999500
49 389.66143666495515 1242999600
50 389.66143666495515 1259999400
51 389.66143666495515 1277999500
52 389.66143666495515 1297999400
53 389.66143666495515 1346000100
54 389.66143666495515 1372999700
55 389.66143666495515 1393000000
56 389.66143666495515 1410999500
57 389.66143666495515 1428999400
58 389.66143666495515 1475999800
59 387.52027813982926 1502000000
60 387.52027813982926 1530999500
61 387.52027813982926 1567000200
62 387.52027813982926 1583999300
63 387.52027813982926 1607999300
64 385.5002036410866 1625999400
65 385.5002036410866 1671000400
66 385.5002036410866 1688999400
67 385.5002036410866 1705999300
68 385.5002036410866 1740999500
69 385.5002036410866 1759999700
70 385.5002036410866 1784999900
71 385.5002036410866 1810000700
72 385.5002036410866 1828000400
73 385.5002036410866 1846999600
74 385.5002036410866 1863999600
75 385.5002036410866 1883999800
76 372.91493421961206 1908999500
77 372.91493421961206 1969000700
78 372.91493421961206 2000999900
79 372.91493421961206 2024999600
80 372.91493421961206 2045999100
81 372.91493421961206 2065000000
82 372.91493421961206 2081999400
83 372.91493421961206 2099999600
84 372.91493421961206 2138999700
85 372.91493421961206 2159999500
86 372.91493421961206 2177999700
87 372.91493421961206 2203999500
88 372.91493421961206 2220999600
89 372.91493421961206 2238999400
90 372.91493421961206 2262999900
91 363.2327751352548 2299999500
92 363.2327751352548 2318999600
93 363.2327751352548 2336999300
94 363.2327751352548 2353999200
95 363.2327751352548 2371999400
96 361.88038123058635 2426999400
97 361.88038123058635 2443999400
98 361.88038123058635 2460999400
99 361.88038123058635 2478999600
100 361.88038123058635 2512999500
101 361.88038123058635 2529999400
102 361.88038123058635 2549999700
103 361.88038123058635 2566999400
104 347.8878423989893 2599000400
105 347.8878423989893 2630999500
106 347.8878423989893 2648999300
107 347.8878423989893 2665999500
108 347.8878423989893 2693999500
109 347.8878423989893 2720999400
110 347.8878423989893 2738999500
111 347.8878423989893 2756999600
112 347.8878423989893 2791999600
113 347.8878423989893 2822999300
114 347.8878423989893 2839999400
115 347.8878423989893 2863999600
116 347.8878423989893 2882999600
117 347.8878423989893 2900999500
118 347.8878423989893 2935999400
119 347.8878423989893 2958999800
120 347.8878423989893 2991999500
121 347.8878423989893 3009999900
122 347.8878423989893 3028999400
123 347.8878423989893 3046999400
124 347.8878423989893 3063999500
125 347.8878423989893 3081999400
126 347.8878423989893 3115999500
127 347.8878423989893 3133999400
128 347.8878423989893 3150999200
--------------------------------
129 345.6848459692508 3186999500
130 345.6848459692508 3212999500
131 345.6848459692508 3239999300
132 345.6848459692508 3256999300
133 345.6848459692508 3287999400
134 345.6848459692508 3305999600
135 345.6848459692508 3327999500
136 345.6848459692508 3354999400
137 345.6848459692508 3372999600
138 345.6848459692508 3431999300
139 345.6848459692508 3448999300
140 345.6848459692508 3466999400
141 345.6848459692508 3484999300
142 345.6848459692508 3501999400
143 345.6848459692508 3518999700
144 345.6848459692508 3536999400
145 345.6848459692508 3553999600
146 345.6848459692508 3572000000
147 345.6848459692508 3617999300
148 345.6848459692508 3635999500
149 345.6848459692508 3661999300
150 345.6848459692508 3678999600
151 345.6848459692508 3696999800
152 345.6848459692508 3722999300
153 345.6848459692508 3742999400
154 345.6848459692508 3771999300
155 345.6848459692508 3804999500
156 345.6848459692508 3831999500
157 345.6848459692508 3861999500
158 345.6848459692508 3900999600
159 345.6848459692508 3918999500
160 345.6848459692508 3935999400
161 345.6848459692508 3965999300
162 345.6848459692508 3987999900
163 345.6848459692508 4005999600
164 345.6848459692508 4031999400
165 345.6848459692508 4048999400
166 345.6848459692508 4066999600
167 345.6848459692508 4083999800
168 345.6848459692508 4101999300
169 345.6848459692508 4118999900
170 345.6848459692508 4136999500
171 345.6848459692508 4170999200
172 345.6848459692508 4206999900
173 345.6848459692508 4223999800
174 345.6848459692508 4261999800
175 345.6848459692508 4279999800
176 345.6848459692508 4301999400
177 345.6848459692508 4332999500
178 345.6848459692508 4366999400
179 345.6848459692508 4383999500
180 345.6848459692508 4409999800
181 345.6848459692508 4427999900
182 345.6848459692508 4446000000
183 345.6848459692508 4469999400
184 345.6848459692508 4487999600
185 345.6848459692508 4505999600
186 345.6848459692508 4523999400
187 345.6848459692508 4541999400
188 345.6848459692508 4578999600
189 345.6848459692508 4620000000
190 345.6848459692508 4660999400
191 345.6848459692508 4677999300
192 345.6848459692508 4696999400
193 345.6848459692508 4714999800
194 345.6848459692508 4742999500
195 345.6848459692508 4760999600
196 345.6848459692508 4796000000
197 345.6848459692508 4815999600
198 345.6848459692508 4832999600
199 345.6848459692508 4870999800
200 345.6848459692508 4887999500
201 345.6848459692508 4904999700
202 345.6848459692508 4924999500
203 345.6848459692508 4941999300
204 345.6848459692508 4959999700
205 345.6848459692508 4998999500
206 345.6848459692508 5026999600
207 345.6848459692508 5043999500
208 345.6848459692508 5064999400
209 345.6848459692508 5081999600
210 345.6848459692508 5129999300
211 345.6848459692508 5157999500
212 345.6848459692508 5178999300
213 345.6848459692508 5197999400
214 345.6848459692508 5215999900
215 345.6848459692508 5236999700
216 345.6848459692508 5254000100
217 345.6848459692508 5291999500
218 345.6848459692508 5308999400
219 345.6848459692508 5326999200
220 345.6848459692508 5343999400
221 345.6848459692508 5362000100
222 345.6848459692508 5408999600
223 345.6848459692508 5434999400
224 345.6848459692508 5465999800
225 345.6848459692508 5486999500
226 345.6848459692508 5511999300
227 345.6848459692508 5528999300
228 345.6848459692508 5546999400
229 345.6848459692508 5564999500
230 345.6848459692508 5581999600
231 345.6848459692508 5627999400
232 345.6848459692508 5644999600
233 345.6848459692508 5662999300
234 345.6848459692508 5679999500
235 345.6848459692508 5720999400
236 345.6848459692508 5739000000
237 345.6848459692508 5755999600
238 345.6848459692508 5772999400
239 345.6848459692508 5790999500
240 345.6848459692508 5832999300
241 345.6848459692508 5858999500
242 345.6848459692508 5875999400
243 345.6848459692508 5893999400
244 345.6848459692508 5910999400
245 345.6848459692508 5928999800
246 345.6848459692508 5945999600
247 345.6848459692508 5989999500
248 345.6848459692508 6017999700
249 345.6848459692508 6050999400
250 345.6848459692508 6069999200
251 345.6848459692508 6090999500
252 345.6848459692508 6107999500
253 345.6848459692508 6125999700
254 345.6848459692508 6142999800
255 345.6848459692508 6160999300
256 345.6848459692508 6203999500
257 345.6848459692508 6238999500
258 345.6848459692508 6275999500
259 345.6848459692508 6294999500
260 345.6848459692508 6311999500
261 345.6848459692508 6329999900
262 345.6848459692508 6350999600
263 345.6848459692508 6368999300
264 345.6848459692508 6398999500
265 345.6848459692508 6415999500
266 345.6848459692508 6449999400
267 345.6848459692508 6466999400
268 345.6848459692508 6484999600
269 345.6848459692508 6501999500
270 345.6848459692508 6519999500
271 345.6848459692508 6536999400
272 345.6848459692508 6555999500
273 345.6848459692508 6586999800
274 345.6848459692508 6642999600
275 345.6848459692508 6660999400
276 345.6848459692508 6678999400
277 345.6848459692508 6707999500
278 345.6848459692508 6728999400
279 345.6848459692508 6746999400
280 345.6848459692508 6763999400
281 345.6848459692508 6800999400
282 345.6848459692508 6831999500
283 345.6848459692508 6849999500
284 345.6848459692508 6866999400
285 345.6848459692508 6886999500
286 345.6848459692508 6903999400
287 345.6848459692508 6921999500
288 345.6848459692508 6952999400
289 345.6848459692508 6970999500
290 345.6848459692508 7006999500
291 345.6848459692508 7024999500
292 345.6848459692508 7065999400
293 345.6848459692508 7090999700
294 345.6848459692508 7110999600
295 345.6848459692508 7127999400
296 345.6848459692508 7145999700
297 345.6848459692508 7189999600
298 345.6848459692508 7209999800
299 345.6848459692508 7228000100
300 345.6848459692508 7247999800
301 345.6848459692508 7265999900
302 345.6848459692508 7282999600
303 345.6848459692508 7300999800
304 345.6848459692508 7341999500
305 345.6848459692508 7369999500
306 345.6848459692508 7413999900
307 345.6848459692508 7431999500
308 345.6848459692508 7448999600
309 345.6848459692508 7483999800
310 345.6848459692508 7501999600
311 345.6848459692508 7524999500
312 345.6848459692508 7546999700
313 345.6848459692508 7584999600
314 345.6848459692508 7605999400
315 345.6848459692508 7641999400
316 345.6848459692508 7662999800
317 345.6848459692508 7680999500
318 345.6848459692508 7697999400
319 345.6848459692508 7717999700
320 345.6848459692508 7737000600
321 345.6848459692508 7754000200
322 345.6848459692508 7807999500
323 345.6848459692508 7825999400
324 345.6848459692508 7842999600
325 345.6848459692508 7860999600
326 345.6848459692508 7878000300
327 345.6848459692508 7930999600
328 345.6848459692508 7947999600
329 345.6848459692508 7990000200
330 345.6848459692508 8012999600
331 345.6848459692508 8030999600
332 345.6848459692508 8071999600
333 345.6848459692508 8089999500
334 345.6848459692508 8107999600
335 345.6848459692508 8125999600
336 345.6848459692508 8143000000
337 345.6848459692508 8160999600
338 345.6848459692508 8202999400
339 345.6848459692508 8219999500
340 345.6848459692508 8237999400
341 345.6848459692508 8255999500
342 345.6848459692508 8272999500
343 345.6848459692508 8312000000
344 345.6848459692508 8329999700
345 345.6848459692508 8373999500
346 345.6848459692508 8391999500
347 345.6848459692508 8408999500
348 345.6848459692508 8448999900
349 345.6848459692508 8479999300
350 345.6848459692508 8496999300
351 345.6848459692508 8524000200
352 345.6848459692508 8541999400
353 345.6848459692508 8559999400
354 345.6848459692508 8576999300
355 345.6848459692508 8611999500
356 345.6848459692508 8630999400
357 345.6848459692508 8648999600
358 345.6848459692508 8681999400
359 345.6848459692508 8699999400
360 345.6848459692508 8716999500
361 345.6848459692508 8734999500
362 345.6848459692508 8763999800
363 345.6848459692508 8787999300
364 345.6848459692508 8805999600
365 345.6848459692508 8845999600
366 345.6848459692508 8896999300
367 345.6848459692508 8912999200
368 345.6848459692508 8930999400
369 345.6848459692508 8947999300
370 345.6848459692508 8966000000
371 345.6848459692508 8982999900
372 345.6848459692508 9000999500
373 345.6848459692508 9017999600
374 345.6848459692508 9036000000
375 345.6848459692508 9075999700
376 345.6848459692508 9098999800
377 345.6848459692508 9116999600
378 345.6848459692508 9136999400
379 345.6848459692508 9154999700
380 345.6848459692508 9173999400
381 345.6848459692508 9211999500
382 345.6848459692508 9242999500
383 345.6848459692508 9287999700
384 345.6848459692508 9316999500
385 345.6848459692508 9334999400
386 345.6848459692508 9351999400
387 345.6848459692508 9373999400
388 345.6848459692508 9396999600
389 345.6848459692508 9414999500
390 345.6848459692508 9436999700
391 345.6848459692508 9453999700
392 345.6848459692508 9471999900
393 345.6848459692508 9499999500
394 345.6848459692508 9517999300
395 345.6848459692508 9534999900
396 345.6848459692508 9551999500
397 345.6848459692508 9569999500
398 345.6848459692508 9630999900
399 345.6848459692508 9648999400
400 345.6848459692508 9688999300
401 345.6848459692508 9722999500
402 345.6848459692508 9746999900
403 345.6848459692508 9764999500
404 345.6848459692508 9787999400
405 345.6848459692508 9804999300
406 345.6848459692508 9822999500
407 345.6848459692508 9839999500
408 345.6848459692508 9857999600
409 345.6848459692508 9874999800
410 345.6848459692508 9892999600
411 345.6848459692508 9909999600
412 345.6848459692508 9927999300
413 345.6848459692508 9944999400
414 345.6848459692508 9966999900
415 345.6848459692508 9995999500
416 345.6848459692508 10036999600
417 345.6848459692508 10080999600
418 345.6848459692508 10112999400
419 345.6848459692508 10129999100
420 345.6848459692508 10146999600
421 345.6848459692508 10172999800
422 345.6848459692508 10189999800
423 345.6848459692508 10207999500
424 345.6848459692508 10256999500
425 345.6848459692508 10273999300
426 345.6848459692508 10291999600
427 345.6848459692508 10308999500
428 345.6848459692508 10325999600
429 345.6848459692508 10343999600
430 345.6848459692508 10360999600
431 345.6848459692508 10378999300
432 345.6848459692508 10395999500
433 345.6848459692508 10441999300
434 345.6848459692508 10475999600
435 345.6848459692508 10492999500
436 345.6848459692508 10510999600
437 345.6848459692508 10528999300
438 345.6848459692508 10562999700
439 345.6848459692508 10579999300
440 345.6848459692508 10641999400
441 345.6848459692508 10658999900
442 345.6848459692508 10676999900
443 345.6848459692508 10693999600
444 345.6848459692508 10711999400
445 345.6848459692508 10728999500
446 345.6848459692508 10744999800
447 345.6848459692508 10764999600
448 345.6848459692508 10783999600
449 345.6848459692508 10800999700
450 345.6848459692508 10834999700
451 345.6848459692508 10857999900
452 345.6848459692508 10895999500
453 345.6848459692508 10921999600
454 345.6848459692508 10942999700
455 345.6848459692508 11005999600
456 345.6848459692508 11023999700
457 345.6848459692508 11040999500
458 345.6848459692508 11057999700
459 345.6848459692508 11077999400
460 345.6848459692508 11094999400
461 345.6848459692508 11114999600
462 345.6848459692508 11132999700
463 345.6848459692508 11149999700
464 345.6848459692508 11181999500
465 345.6848459692508 11199999600
466 345.6848459692508 11219000200
467 345.6848459692508 11236999800
468 345.6848459692508 11268999500
469 345.6848459692508 11305999600
470 345.6848459692508 11330999800
471 345.6848459692508 11362999400
472 345.6848459692508 11381999400
473 345.6848459692508 11398999300
474 345.6848459692508 11438999700
475 345.6848459692508 11466999600
476 345.6848459692508 11484000100
477 345.6848459692508 11501999900
478 345.6848459692508 11518999800
479 345.6848459692508 11536999800
480 345.6848459692508 11554999500
481 345.6848459692508 11581999400
482 345.6848459692508 11605999400
483 345.6848459692508 11623999400
484 345.6848459692508 11661999300
485 345.6848459692508 11687999500
486 345.6848459692508 11714999800
487 345.6848459692508 11764999500
488 345.6848459692508 11781999400
489 345.6848459692508 11799999500
490 345.6848459692508 11816999400
491 345.6848459692508 11834999600
492 345.6848459692508 11851999500
493 345.6848459692508 11869999600
494 345.6848459692508 11886999900
495 345.6848459692508 11904999500
496 345.6848459692508 11931999600
497 345.6848459692508 11967999300
498 345.6848459692508 11984999400
499 345.6848459692508 12003000000
Best cost: 345.6848459692508
Path taken: 0 16 18 15 11 9 19 5 13 7 2 3 10 4 14 17 12 6 8 1