0 438.7031299138122
1 438.7031299138122
2 438.7031299138122
3 438.7031299138122
4 438.7031299138122
5 438.7031299138122
6 438.7031299138122
7 438.7031299138122
8 438.7031299138122
9 438.7031299138122
10 438.7031299138122
11 438.7031299138122
12 438.7031299138122
13 438.7031299138122
14 438.7031299138122
15 438.7031299138122
16 438.7031299138122
17 438.7031299138122
18 438.7031299138122
19 438.7031299138122
20 438.7031299138122
21 438.7031299138122
22 438.7031299138122
23 438.7031299138122
24 438.7031299138122
25 438.7031299138122
26 438.7031299138122
27 438.7031299138122
28 438.7031299138122
29 438.7031299138122
30 438.7031299138122
31 425.3962406348139
32 425.3962406348139
33 425.3962406348139
34 425.3962406348139
35 425.3962406348139
36 425.3962406348139
37 415.7878017162558
38 415.7878017162558
39 415.7878017162558
40 412.44371870926807
41 412.44371870926807
42 412.44371870926807
43 412.44371870926807
44 412.44371870926807
45 412.44371870926807
46 412.44371870926807
47 412.44371870926807
48 412.44371870926807
49 412.44371870926807
50 412.44371870926807
51 412.44371870926807
52 412.44371870926807
53 412.44371870926807
54 412.44371870926807
55 412.44371870926807
56 412.44371870926807
57 412.44371870926807
58 412.44371870926807
59 412.44371870926807
60 412.44371870926807
61 412.44371870926807
62 412.44371870926807
63 402.0442792067804
64 402.0442792067804
65 402.0442792067804
66 402.0442792067804
67 402.0442792067804
68 402.0442792067804
69 402.0442792067804
70 402.0442792067804
71 396.9612568462335
72 396.9612568462335
73 396.9612568462335
74 391.4453478162496
75 391.4453478162496
76 391.4453478162496
77 391.4453478162496
78 391.4453478162496
79 391.4453478162496
80 391.4453478162496
81 391.4453478162496
82 391.4453478162496
83 391.4453478162496
84 391.4453478162496
85 391.4453478162496
86 391.4453478162496
87 391.4453478162496
88 391.4453478162496
89 391.4453478162496
90 391.4453478162496
91 391.4453478162496
92 391.4453478162496
93 391.4453478162496
94 391.4453478162496
95 391.4453478162496
96 391.4453478162496
97 391.4453478162496
98 391.4453478162496
99 391.4453478162496
100 391.4453478162496
101 391.4453478162496
102 391.4453478162496
103 391.4453478162496
104 384.50935708091697
105 384.50935708091697
106 384.50935708091697
107 384.50935708091697
108 384.50935708091697
109 384.50935708091697
110 384.50935708091697
111 384.50935708091697
112 384.50935708091697
113 384.50935708091697
114 384.50935708091697
115 384.50935708091697
116 384.50935708091697
117 384.50935708091697
118 384.50935708091697
119 384.50935708091697
120 374.7533013852433
121 374.7533013852433
122 355.0042748475468
123 355.0042748475468
124 355.0042748475468
125 355.0042748475468
126 355.0042748475468
127 355.0042748475468
128 355.0042748475468
129 355.0042748475468
130 355.0042748475468
131 355.0042748475468
132 355.0042748475468
133 355.0042748475468
134 355.0042748475468
135 355.0042748475468
136 355.0042748475468
137 355.0042748475468
138 355.0042748475468
139 355.0042748475468
140 355.0042748475468
141 355.0042748475468
142 355.0042748475468
143 355.0042748475468
144 355.0042748475468
145 355.0042748475468
146 355.0042748475468
147 355.0042748475468
148 355.0042748475468
149 355.0042748475468
150 355.0042748475468
151 355.0042748475468
152 355.0042748475468
153 355.0042748475468
154 355.0042748475468
155 355.0042748475468
156 355.0042748475468
157 355.0042748475468
158 355.0042748475468
159 355.0042748475468
160 355.0042748475468
161 355.0042748475468
162 355.0042748475468
163 355.0042748475468
164 355.0042748475468
165 355.0042748475468
166 355.0042748475468
167 355.0042748475468
168 355.0042748475468
169 355.0042748475468
170 355.0042748475468
171 355.0042748475468
172 355.0042748475468
173 355.0042748475468
174 355.0042748475468
175 355.0042748475468
176 350.3892158282638
177 350.3892158282638
178 350.3892158282638
179 350.3892158282638
180 350.3892158282638
181 350.3892158282638
182 350.3892158282638
183 350.3892158282638
184 350.3892158282638
185 350.3892158282638
186 350.3892158282638
187 350.3892158282638
188 350.3892158282638
189 350.3892158282638
190 350.3892158282638
191 350.3892158282638
192 350.3892158282638
193 350.3892158282638
194 350.3892158282638
195 350.3892158282638
196 350.3892158282638
197 350.3892158282638
198 350.3892158282638
199 350.3892158282638
200 350.3892158282638
201 350.3892158282638
202 350.3892158282638
203 350.3892158282638
204 350.3892158282638
205 350.3892158282638
206 346.3096960339551
207 346.3096960339551
208 346.3096960339551
209 346.3096960339551
210 346.3096960339551
211 346.3096960339551
212 346.3096960339551
213 346.3096960339551
214 346.3096960339551
215 346.3096960339551
216 346.3096960339551
217 346.3096960339551
218 346.3096960339551
219 346.3096960339551
220 346.3096960339551
221 346.3096960339551
222 346.3096960339551
223 346.3096960339551
224 346.3096960339551
225 346.3096960339551
226 346.3096960339551
227 346.3096960339551
228 346.3096960339551
229 346.3096960339551
230 346.3096960339551
231 346.3096960339551
232 346.3096960339551
233 346.3096960339551
234 346.3096960339551
235 346.3096960339551
236 346.3096960339551
237 346.3096960339551
238 346.3096960339551
239 346.3096960339551
240 346.3096960339551
241 346.3096960339551
242 346.3096960339551
243 346.3096960339551
244 346.3096960339551
245 346.3096960339551
246 346.3096960339551
247 346.3096960339551
248 346.3096960339551
249 346.3096960339551
250 346.3096960339551
251 346.3096960339551
252 346.3096960339551
253 346.3096960339551
254 346.3096960339551
255 346.3096960339551
256 346.3096960339551
257 346.3096960339551
258 346.3096960339551
259 346.3096960339551
260 346.3096960339551
261 346.3096960339551
262 346.3096960339551
263 346.3096960339551
264 346.3096960339551
265 346.3096960339551
266 346.3096960339551
267 346.3096960339551
268 346.3096960339551
269 346.3096960339551
270 346.3096960339551
271 346.3096960339551
272 346.3096960339551
273 346.3096960339551
274 346.3096960339551
275 346.3096960339551
276 346.3096960339551
277 346.3096960339551
278 346.3096960339551
279 346.3096960339551
280 346.3096960339551
281 346.3096960339551
282 346.3096960339551
283 346.3096960339551
284 346.3096960339551
285 346.3096960339551
286 346.3096960339551
287 346.3096960339551
288 346.3096960339551
289 346.3096960339551
290 346.3096960339551
291 346.3096960339551
292 346.3096960339551
293 346.3096960339551
294 346.3096960339551
295 346.3096960339551
296 346.3096960339551
297 346.3096960339551
298 346.3096960339551
299 346.3096960339551
300 346.3096960339551
301 346.3096960339551
302 346.3096960339551
303 346.3096960339551
304 346.3096960339551
305 346.3096960339551
306 346.3096960339551
307 346.3096960339551
308 346.3096960339551
309 346.3096960339551
310 346.3096960339551
311 346.3096960339551
312 346.3096960339551
313 346.3096960339551
314 346.3096960339551
315 346.3096960339551
316 346.3096960339551
317 346.3096960339551
318 346.3096960339551
319 346.3096960339551
320 346.3096960339551
321 346.3096960339551
322 346.3096960339551
323 346.3096960339551
324 346.3096960339551
325 346.3096960339551
326 346.3096960339551
327 346.3096960339551
328 346.3096960339551
329 346.3096960339551
330 346.3096960339551
331 346.3096960339551
332 346.3096960339551
333 346.3096960339551
334 346.3096960339551
335 346.3096960339551
336 346.3096960339551
337 346.3096960339551
338 346.3096960339551
339 346.3096960339551
340 346.3096960339551
341 346.3096960339551
342 346.3096960339551
343 346.3096960339551
344 346.3096960339551
345 346.3096960339551
346 346.3096960339551
347 346.3096960339551
348 346.3096960339551
349 346.3096960339551
350 346.3096960339551
351 346.3096960339551
352 346.3096960339551
353 346.3096960339551
354 346.3096960339551
355 346.3096960339551
356 346.3096960339551
357 346.3096960339551
358 346.3096960339551
359 346.3096960339551
360 346.3096960339551
361 346.3096960339551
362 346.3096960339551
363 346.3096960339551
364 346.3096960339551
365 346.3096960339551
366 346.3096960339551
367 346.3096960339551
368 346.3096960339551
369 346.3096960339551
370 346.3096960339551
371 346.3096960339551
372 346.3096960339551
373 346.3096960339551
374 346.3096960339551
375 346.3096960339551
376 346.3096960339551
377 346.3096960339551
378 346.3096960339551
379 346.3096960339551
380 346.3096960339551
381 346.3096960339551
382 346.3096960339551
383 346.3096960339551
384 346.3096960339551
385 346.3096960339551
386 346.3096960339551
387 346.3096960339551
388 346.3096960339551
389 346.3096960339551
390 346.3096960339551
391 346.3096960339551
392 346.3096960339551
393 346.3096960339551
394 346.3096960339551
395 346.3096960339551
396 346.3096960339551
397 346.3096960339551
398 346.3096960339551
399 346.3096960339551
400 346.3096960339551
401 346.3096960339551
402 346.3096960339551
403 346.3096960339551
404 346.3096960339551
405 346.3096960339551
406 346.3096960339551
407 346.3096960339551
408 346.3096960339551
409 346.3096960339551
410 346.3096960339551
411 346.3096960339551
412 346.3096960339551
413 346.3096960339551
414 346.3096960339551
415 346.3096960339551
416 346.3096960339551
417 346.3096960339551
418 346.3096960339551
419 346.3096960339551
420 346.3096960339551
421 346.3096960339551
422 346.3096960339551
423 346.3096960339551
424 346.3096960339551
425 346.3096960339551
426 346.3096960339551
427 346.3096960339551
428 346.3096960339551
429 346.3096960339551
430 346.3096960339551
431 346.3096960339551
432 346.3096960339551
433 346.3096960339551
434 346.3096960339551
435 346.3096960339551
436 346.3096960339551
437 346.3096960339551
438 346.3096960339551
439 346.3096960339551
440 346.3096960339551
441 346.3096960339551
442 346.3096960339551
443 346.3096960339551
444 346.3096960339551
445 346.3096960339551
446 346.3096960339551
447 346.3096960339551
448 346.3096960339551
449 346.3096960339551
450 346.3096960339551
451 346.3096960339551
452 346.3096960339551
453 346.3096960339551
454 346.3096960339551
455 346.3096960339551
456 346.3096960339551
457 346.3096960339551
458 346.3096960339551
459 346.3096960339551
460 346.3096960339551
461 346.3096960339551
462 346.3096960339551
463 346.3096960339551
464 346.3096960339551
465 346.3096960339551
466 346.3096960339551
467 346.3096960339551
468 346.3096960339551
469 346.3096960339551
470 346.3096960339551
471 346.3096960339551
472 345.6848459692508
473 345.6848459692508
474 345.6848459692508
475 345.6848459692508
476 345.6848459692508
477 345.6848459692508
478 345.6848459692508
479 345.6848459692508
480 345.6848459692508
481 345.6848459692508
482 345.6848459692508
483 345.6848459692508
484 345.6848459692508
485 345.6848459692508
486 345.6848459692508
487 345.6848459692508
488 345.6848459692508
489 345.6848459692508
490 345.6848459692508
491 345.6848459692508
492 345.6848459692508
493 345.6848459692508
494 345.6848459692508
495 345.6848459692508
496 345.6848459692508
497 345.6848459692508
498 345.6848459692508
499 345.6848459692508
Best cost: 345.6848459692508
Path taken: 0 16 18 15 11 9 19 5 13 7 2 3 10 4 14 17 12 6 8 1