1245.6295942119486 163998600
1245.6295942119486 325032100
1245.6295942119486 473039400
1209.1391752436664 625260100
1209.1391752436664 773260100
1209.1391752436664 921259900
1209.1391752436664 1070229200
1209.1391752436664 1242229600
1202.1581050095122 1409228900
1197.3080215757943 1570261900
1197.3080215757943 1723230500
1197.3080215757943 1872278900
1175.6253776157332 2023278000
1175.6253776157332 2174278000
1175.6253776157332 2323278000
1175.6253776157332 2472282300
1166.4466825584045 2623280900
1166.4466825584045 2772278800
1166.4466825584045 2920315000
1166.4466825584045 3067310400
1148.2482938606754 3215312600
1148.2482938606754 3362312100
1148.2482938606754 3509313700
1148.2482938606754 3658310500
1148.2482938606754 3805310600
1137.3490955025588 3953474400
1137.3490955025588 4100476800
1137.3490955025588 4248474900
1137.3490955025588 4396474900
1137.3490955025588 4542474200
1137.3490955025588 4695475600
1137.3490955025588 4843477700
1137.3490955025588 4990479400
1137.3490955025588 5137474900
1137.3490955025588 5284477400
1137.3490955025588 5432474800
1137.3490955025588 5580475200
1103.572637718751 5726627400
1103.572637718751 5874628300
1103.572637718751 6021629300
1103.572637718751 6172593800
1103.572637718751 6321626800
1053.5346570296272 6469625900
1053.5346570296272 6618623900
1053.5346570296272 6765625600
1053.5346570296272 6913627800
1053.5346570296272 7060628700
1053.5346570296272 7209628500
1053.5346570296272 7357625700
1053.5346570296272 7506627000
1053.5346570296272 7654627900
1053.5346570296272 7806627800
1053.5346570296272 7954628400
1053.5346570296272 8102628500
1001.2119141085526 8251628800
1001.2119141085526 8403628200
1001.2119141085526 8552625700
1001.2119141085526 8702627300
1001.2119141085526 8851626400
1001.2119141085526 9000626100
1001.2119141085526 9149625900
1001.2119141085526 9299631300
1001.2119141085526 9448595600
954.0768968460959 9597626700
954.0768968460959 9746626500
954.0768968460959 9894628200
954.0768968460959 10043626500
954.0768968460959 10192789800
954.0768968460959 10341762200
954.0768968460959 10496792100
954.0768968460959 10645791000
954.0768968460959 10794918900
954.0768968460959 10943916800
954.0768968460959 11094919500
954.0768968460959 11243920400
944.2476892020114 11393916900
944.2476892020114 11544954200
940.4985323480807 11693919000
940.4985323480807 11843948600
940.4985323480807 11991950900
940.4985323480807 12139948500
940.4985323480807 12286949100
940.4985323480807 12434946700
940.4985323480807 12581949600
940.4985323480807 12729948700
940.4985323480807 12877954900
940.4985323480807 13025948300
940.4985323480807 13173949200
940.4985323480807 13320949700
940.4985323480807 13470917000
925.9370557934446 13620919700
918.326998461055 13772007300
918.326998461055 13922956600
918.326998461055 14071957200
918.326998461055 14221957500
917.4750873859923 14371956500
861.0114063421479 14520957200
861.0114063421479 14672958700
861.0114063421479 14820990100
861.0114063421479 14970149400
861.0114063421479 15118148500
861.0114063421479 15282148400
861.0114063421479 15432116300
861.0114063421479 15580149300
861.0114063421479 15727147600
861.0114063421479 15874310100
861.0114063421479 16022313100
861.0114063421479 16169312200
861.0114063421479 16318440100
861.0114063421479 16468440500
861.0114063421479 16619439000
861.0114063421479 16770439100
853.5639868801375 16921439000
853.5639868801375 17070439900
853.5639868801375 17221438900
853.5639868801375 17371436100
853.5639868801375 17521439800
853.5639868801375 17671436100
853.5639868801375 17821436000
853.5639868801375 17971436300
853.5639868801375 18121436000
853.5639868801375 18270439600
853.5639868801375 18421471800
838.6065988123502 18570440300
838.6065988123502 18720440900
829.0341336722761 18871439500
804.7012258337987 19022445700
804.7012258337987 19171436300
804.7012258337987 19320435900
804.7012258337987 19470469000
804.7012258337987 19618469400
804.7012258337987 19773436900
804.7012258337987 19924437800
804.7012258337987 20074439500
702.6929559261862 20224435800
702.6929559261862 20372436800
702.6929559261862 20522436200
702.6929559261862 20671468300
702.6929559261862 20819470600
702.6929559261862 20967462700
702.6929559261862 21115468400
702.6929559261862 21264470500
702.6929559261862 21413469600
702.6929559261862 21562436200
702.6929559261862 21710436700
702.6929559261862 21859436300
702.6929559261862 22009436400
702.6929559261862 22158436700
702.6929559261862 22308440100
702.6929559261862 22459436000
702.6929559261862 22607468900
702.6929559261862 22759470400
702.6929559261862 22906468600
702.6929559261862 23055470400
702.6929559261862 23204476300
702.6929559261862 23352464800
702.6929559261862 23503436100
702.6929559261862 23652468700
683.9889552173998 23801468200
683.9889552173998 23949469200
683.9889552173998 24097470100
683.9889552173998 24247468200
683.9889552173998 24396471900
683.9889552173998 24544468500
683.9889552173998 24693468800
683.9889552173998 24842470700
683.9889552173998 24989471000
683.9889552173998 25137465900
683.9889552173998 25286436800
683.9889552173998 25436436100
683.9889552173998 25587436700
683.9889552173998 25739439900
683.9889552173998 25891465200
683.9889552173998 26044468300
683.9889552173998 26195470600
683.9889552173998 26346438200
683.9889552173998 26497468800
683.9889552173998 26645468200
683.9889552173998 26799441600
683.9889552173998 26978469600
683.9889552173998 27137465200
683.9889552173998 27315439500
683.9889552173998 27492439500
683.9889552173998 27661436700
683.9889552173998 27828437600
683.9889552173998 27985471200
683.9889552173998 28142472100
683.9889552173998 28298437300
683.9889552173998 28451062300
683.9889552173998 28605026100
683.9889552173998 28786027400
683.9889552173998 28966994600
683.9889552173998 29140962900
683.9889552173998 29296987500
683.9889552173998 29446153400
683.9889552173998 29597125600
683.9889552173998 29750124300
683.9889552173998 29906124300
683.9889552173998 30064124100
683.9889552173998 30242160200
661.4268070252958 30420166400
661.4268070252958 30592187100
661.4268070252958 30758180000
661.4268070252958 30911180500
661.4268070252958 31066181300
661.4268070252958 31223228400
661.4268070252958 31378229400
661.4268070252958 31548061600
661.4268070252958 31715059800
661.4268070252958 31874061300
661.4268070252958 32063059900
661.4268070252958 32217207700
661.4268070252958 32392178300
661.4268070252958 32561502400
661.4268070252958 32721768900
661.4268070252958 32876803500
661.4268070252958 33032770600
661.4268070252958 33225975900
661.4268070252958 33427991700
661.4268070252958 33582991100
661.4268070252958 33738989600
661.4268070252958 33900990400
661.4268070252958 34064889200
661.4268070252958 34247885400
661.4268070252958 34455887700
661.4268070252958 34645885500
661.4268070252958 34805888300
661.4268070252958 34967890700
661.4268070252958 35129970700
661.4268070252958 35291973600
661.4268070252958 35468942700
661.4268070252958 35637025100
661.4268070252958 35790059300
661.4268070252958 35954028500
661.4268070252958 36108027500
661.4268070252958 36263027900
661.4268070252958 36416029100
661.4268070252958 36575068400
661.4268070252958 36734577100
661.4268070252958 36896610900
661.4268070252958 37058577300
661.4268070252958 37215578100
661.4268070252958 37367609000
661.4268070252958 37520662600
661.4268070252958 37672662600
661.4268070252958 37823631100
661.4268070252958 37973633000
661.4268070252958 38124674500
661.4268070252958 38275672500
661.4268070252958 38424704100
661.4268070252958 38573704100
661.4268070252958 38722703000
661.4268070252958 38872673400
661.4268070252958 39030670500
661.4268070252958 39181669900
661.4268070252958 39331670600
661.4268070252958 39481673000
661.4268070252958 39632670400
661.4268070252958 39783673800
660.0208982424533 39933872900
660.0208982424533 40083870100
660.0208982424533 40235869700
658.5979567949728 40386871700
658.5979567949728 40536873000
648.5796363925577 40707869000
648.5796363925577 40865930200
648.5796363925577 41020901000
648.5796363925577 41176932800
648.5796363925577 41327902300
648.5796363925577 41478901100
648.5796363925577 41628902500
648.5796363925577 41789900400
648.5796363925577 41950930300
648.5796363925577 42098902200
648.5796363925577 42253899800
646.8684807949305 42424931500
646.8684807949305 42593898200
646.8684807949305 42770898500
646.8684807949305 42921089100
646.8684807949305 43093058400
646.8684807949305 43247093200
646.8684807949305 43412217300
646.8684807949305 43566247400
646.8684807949305 43715250600
646.8684807949305 43874215200
642.1023255520831 44052245000
642.1023255520831 44208268800
642.1023255520831 44357270900
642.1023255520831 44506300900
642.1023255520831 44655303200
642.1023255520831 44804272200
642.1023255520831 44956311800
641.7163702741417 45140310300
641.7163702741417 45290311800
641.7163702741417 45440309000
641.7163702741417 45589309000
641.7163702741417 45739343000
641.7163702741417 45887309300
641.7163702741417 46037312800
641.7163702741417 46197309900
641.7163702741417 46347348400
629.5489570721177 46496344900
629.5489570721177 46644341300
629.5489570721177 46793341500
629.5489570721177 46947229800
629.5489570721177 47097225600
629.5489570721177 47252225600
629.5489570721177 47402227100
629.5489570721177 47552225500
629.5489570721177 47702228500
629.5489570721177 47852226300
629.5489570721177 48002225600
629.5489570721177 48152225600
629.5489570721177 48301226300
629.5489570721177 48451225500
629.5489570721177 48601226100
629.5489570721177 48752260300
629.5489570721177 48900255800
629.5489570721177 49052418300
629.5489570721177 49201419400
629.5489570721177 49350421400
629.5489570721177 49499418500
629.5489570721177 49650615900
629.5489570721177 49800615300
629.5489570721177 49948615900
629.5489570721177 50096615400
629.5489570721177 50245616100
629.5489570721177 50392985100
629.5489570721177 50541986500
629.5489570721177 50691986000
629.5489570721177 50840193000
629.5489570721177 50988195500
629.5489570721177 51137316800
629.5489570721177 51286319000
629.5489570721177 51436319600
629.5489570721177 51586319800
629.5489570721177 51741320100
629.5489570721177 51890352200
629.5489570721177 52038522100
629.5489570721177 52187523600
629.5489570721177 52337489700
629.5489570721177 52488490600
629.5489570721177 52638491600
629.5489570721177 52789490800
629.5489570721177 52940488100
629.5489570721177 53090487000
629.5489570721177 53243520600
629.5489570721177 53392519300
629.5489570721177 53541519200
629.5489570721177 53692523300
629.5489570721177 53842490000
629.5489570721177 53992491300
629.5489570721177 54143541200
629.5489570721177 54293539600
629.5489570721177 54444579900
629.5489570721177 54595545500
629.5489570721177 54750545100
629.5489570721177 54900548100
629.5489570721177 55051547900
629.5489570721177 55201549500
629.5489570721177 55352548900
629.5489570721177 55502549400
629.5489570721177 55655547700
629.5489570721177 55806058400
629.5489570721177 55957058100
629.5489570721177 56108055400
629.5489570721177 56265084900
629.5489570721177 56415087500
629.5489570721177 56563088000
629.5489570721177 56711089800
629.5489570721177 56859087400
629.5489570721177 57007088700
629.5489570721177 57156240400
629.5489570721177 57306243900
629.5489570721177 57455443400
629.5489570721177 57603441500
629.5489570721177 57752609900
629.5489570721177 57902608400
629.5489570721177 58056607200
629.5489570721177 58205610300
629.5489570721177 58356611100
629.5489570721177 58506608000
629.5489570721177 58656607900
629.5489570721177 58806607000
629.5489570721177 58956609300
629.5489570721177 59106643700
629.5489570721177 59254772800
629.5489570721177 59403772100
629.5489570721177 59553772200
629.5489570721177 59703773200
629.5489570721177 59853770400
629.5489570721177 60004771300
629.5489570721177 60154772200
629.5489570721177 60304821000
629.5489570721177 60454824000
629.5489570721177 60605820300
629.5489570721177 60755820400
629.5489570721177 60906820600
629.5489570721177 61056824800
629.5489570721177 61207864000
629.5489570721177 61357865400
629.5489570721177 61508865100
629.5489570721177 61659862100
629.5489570721177 61810864200
629.5489570721177 61960861800
629.5489570721177 62111864100
629.5489570721177 62262861000
629.5489570721177 62419861400
629.5489570721177 62571476900
629.5489570721177 62721476900
629.5489570721177 62872473900
629.5489570721177 63022475000
629.5489570721177 63173473900
629.5489570721177 63323477000
629.5489570721177 63473474900
629.5489570721177 63624477100
629.5489570721177 63774473900
629.5489570721177 63926641400
629.5489570721177 64075650300
629.5489570721177 64225613800
629.5489570721177 64375614100
629.5489570721177 64525613800
629.5489570721177 64675613900
629.5489570721177 64825613700
629.5489570721177 64976613700
629.5489570721177 65126616600
629.5489570721177 65276614600
629.5489570721177 65431614700
629.5489570721177 65581614700
629.5489570721177 65732618100
629.5489570721177 65883613800
629.5489570721177 66033614600
629.5489570721177 66183614400
629.5489570721177 66333613800
629.5489570721177 66483613700
629.5489570721177 66634613700
629.5489570721177 66784613900
629.5489570721177 66933851500
629.5489570721177 67081849000
629.5489570721177 67230847600
629.5489570721177 67380817000
629.5489570721177 67530002200
629.5489570721177 67679006800
629.5489570721177 67828019000
629.5489570721177 67978007100
629.5489570721177 68128010400
629.5489570721177 68277008700
629.5489570721177 68426006700
629.5489570721177 68575978700
629.5489570721177 68725978100
629.5489570721177 68876977200
629.5489570721177 69027977000
629.5489570721177 69177975300
629.5489570721177 69328589100
629.5489570721177 69479590900
629.5489570721177 69629593300
629.5489570721177 69780593700
629.5489570721177 69935593200
629.5489570721177 70086592400
629.5489570721177 70236589600
629.5489570721177 70387590400
629.5489570721177 70537621600
629.5489570721177 70688622200
629.5489570721177 70838593600
629.5489570721177 70989590000
629.5489570721177 71139589000
629.5489570721177 71289621600
629.5489570721177 71438623200
629.5489570721177 71588626700
629.5489570721177 71737626100
629.5489570721177 71887623700
629.5489570721177 72037621100
629.5489570721177 72187624400
629.5489570721177 72336623100
629.5489570721177 72487621500
629.5489570721177 72643623100
629.5489570721177 72795621300
629.5489570721177 72946591200
629.5489570721177 73098621500
629.5489570721177 73250622700
629.5489570721177 73400621400
629.5489570721177 73552590200
629.5489570721177 73709592800
629.5489570721177 73871592500
629.5489570721177 74028593100
629.5489570721177 74182622400
629.5489570721177 74359074200
629.5489570721177 74607071300
629.5489570721177 74769123000
629.5489570721177 74930122100
629.5489570721177 75084121400
629.5489570721177 75237120300
629.5489570721177 75391091300
629.5489570721177 75543088100
629.5489570721177 75694091200
629.5489570721177 75845088600
629.5489570721177 76005092700
629.5489570721177 76168091300
629.5489570721177 76321122800
629.5489570721177 76470123900
