1252.7293609094706 52996600
1252.7293609094706 95996700
1211.1049192634016 135998300
1211.1049192634016 176996400
1211.1049192634016 226034300
1211.1049192634016 299033000
1211.1049192634016 362998600
1211.1049192634016 405999700
1211.1049192634016 459029700
1211.1049192634016 500995300
1211.1049192634016 540995700
1211.1049192634016 592997100
1211.1049192634016 665029500
1211.1049192634016 718038400
1168.7375745023116 763031100
1168.7375745023116 804029700
1168.7375745023116 852030200
1168.7375745023116 898030000
1168.7375745023116 943000100
1168.7375745023116 999995200
1158.9947343562017 1040994900
1158.9947343562017 1080999700
1158.9947343562017 1128999800
1158.9947343562017 1172201500
1158.9947343562017 1230203800
1158.9947343562017 1281170800
1158.9947343562017 1344196300
1154.402012196545 1414172400
1154.402012196545 1455170400
1154.402012196545 1495195800
1154.402012196545 1536199900
1154.402012196545 1576203100
1154.402012196545 1618169600
1139.172950299544 1659202100
1139.172950299544 1702168200
1126.586934411335 1753228400
1126.586934411335 1812220300
1126.586934411335 1868194200
1087.6169440891965 1908236100
1048.0256714343654 1949226800
1031.9126932184997 2001198200
1031.9126932184997 2042198000
1031.9126932184997 2083230200
1031.9126932184997 2123220900
1023.1312204981845 2172227400
1023.1312204981845 2218233800
1023.1312204981845 2265220500
1023.1312204981845 2305194600
1023.1312204981845 2374221300
1023.1312204981845 2437230300
1023.1312204981845 2487196000
1023.1312204981845 2532254000
1023.1312204981845 2572250000
1023.1312204981845 2614266400
1023.1312204981845 2660223700
1023.1312204981845 2707253400
1023.1312204981845 2758223700
1023.1312204981845 2804222800
1023.1312204981845 2870224000
1023.1312204981845 2938221900
1023.1312204981845 2989244200
1016.9654025941518 3037247400
1016.9654025941518 3082221000
1016.9654025941518 3123221200
1016.9654025941518 3163221900
1016.9654025941518 3213221800
1016.9654025941518 3263221000
1016.9654025941518 3304221200
1016.9654025941518 3345221200
1006.1943788135804 3386253400
1006.1943788135804 3427252200
1006.1943788135804 3480254900
1006.1943788135804 3539253900
1006.1943788135804 3584252900
1006.1943788135804 3624246300
1006.1943788135804 3671222800
1006.1943788135804 3711223600
985.6596210713813 3753220100
947.2134354981697 3800220900
947.2134354981697 3849223000
906.2340936159302 3897262100
906.2340936159302 3946261400
906.2340936159302 3995259900
906.2340936159302 4042261200
906.2340936159302 4099259700
906.2340936159302 4140299900
906.2340936159302 4191261300
906.2340936159302 4247307300
906.2340936159302 4297295500
906.2340936159302 4339293800
906.2340936159302 4389299300
906.2340936159302 4438290600
906.2340936159302 4479293200
906.2340936159302 4519285600
906.2340936159302 4566262900
906.2340936159302 4607258700
906.2340936159302 4654261700
906.2340936159302 4695261500
906.2340936159302 4747259400
906.2340936159302 4790296800
906.2340936159302 4834262100
901.3677256627949 4899294200
901.3677256627949 4950261100
901.3677256627949 4991302600
862.5502630296606 5040260000
862.5502630296606 5086261900
862.5502630296606 5152292500
862.5502630296606 5199259400
862.5502630296606 5239295500
862.5502630296606 5294294800
862.5502630296606 5352304700
862.5502630296606 5395337200
862.5502630296606 5441295200
862.5502630296606 5485295100
862.5502630296606 5530296800
862.5502630296606 5575296300
862.5502630296606 5616293000
862.5502630296606 5662327900
862.5502630296606 5709350100
859.0075559092967 5755297200
859.0075559092967 5802340300
859.0075559092967 5842325800
859.0075559092967 5899328900
859.0075559092967 5940320700
834.7065978062028 5981321500
834.7065978062028 6031293000
834.7065978062028 6071293400
834.7065978062028 6117294200
834.7065978062028 6180295300
834.7065978062028 6221328500
766.1695155484917 6268331500
766.1695155484917 6329332300
766.1695155484917 6379377300
747.4498882229898 6419372200
747.4498882229898 6459371100
747.4498882229898 6505337200
747.4498882229898 6562373100
747.4498882229898 6610370500
747.4498882229898 6659372600
747.4498882229898 6705336600
747.4498882229898 6746338100
747.4498882229898 6793374500
747.4498882229898 6842374300
747.4498882229898 6887340700
747.4498882229898 6927375800
747.4498882229898 6976375500
747.4498882229898 7029341100
733.4682849903548 7071372300
733.4682849903548 7123367800
733.4682849903548 7163371500
733.4682849903548 7211336600
733.4682849903548 7256337000
733.4682849903548 7296337400
733.4682849903548 7340363000
733.4682849903548 7405369200
711.9107798310572 7458395500
711.9107798310572 7512340800
711.9107798310572 7554341200
711.9107798310572 7611338800
711.9107798310572 7655340300
711.9107798310572 7715338700
711.9107798310572 7765337800
711.9107798310572 7820337800
711.9107798310572 7867373100
711.9107798310572 7909378500
711.9107798310572 7949375700
711.9107798310572 7998370700
711.9107798310572 8047339500
711.9107798310572 8090339800
711.9107798310572 8130372300
711.9107798310572 8180338400
711.9107798310572 8234340600
709.3404898854392 8289338600
709.3404898854392 8329339800
709.3404898854392 8369339800
709.3404898854392 8410340700
709.3404898854392 8465340200
709.3404898854392 8513337900
709.3404898854392 8573373600
709.3404898854392 8622374100
709.3404898854392 8662340600
709.3404898854392 8708339300
709.3404898854392 8748336600
709.3404898854392 8792340600
709.3404898854392 8832340700
709.3404898854392 8873336500
709.3404898854392 8913339700
709.3404898854392 8954338000
709.3404898854392 9008339000
709.3404898854392 9049339900
709.3404898854392 9089338300
709.3404898854392 9142338100
709.3404898854392 9207341600
709.3404898854392 9253341200
675.713318664742 9302379900
675.713318664742 9348511000
675.713318664742 9403546300
675.713318664742 9443545600
675.713318664742 9497545200
675.713318664742 9551540100
675.713318664742 9592506700
675.713318664742 9655544600
675.713318664742 9709539600
675.713318664742 9764543200
675.713318664742 9817511700
675.713318664742 9866542700
675.713318664742 9910510800
675.713318664742 9961509000
675.713318664742 10009541300
675.713318664742 10052542300
675.713318664742 10092509700
675.713318664742 10159544000
667.2071283069188 10205512100
667.2071283069188 10251533700
667.2071283069188 10293556300
667.2071283069188 10344508700
667.2071283069188 10402541300
667.2071283069188 10458507900
667.2071283069188 10498546200
667.2071283069188 10539507000
667.2071283069188 10593511500
667.2071283069188 10653508900
667.2071283069188 10696545900
667.2071283069188 10737540700
667.2071283069188 10777553800
667.2071283069188 10828507500
667.2071283069188 10877509100
667.2071283069188 10920507500
667.2071283069188 10962507400
667.2071283069188 11008548000
667.2071283069188 11053508100
667.2071283069188 11106506500
667.2071283069188 11146508700
667.2071283069188 11195556300
667.2071283069188 11236534100
667.2071283069188 11277509800
667.2071283069188 11317511000
667.2071283069188 11358617300
667.2071283069188 11412176800
667.2071283069188 11459131900
667.2071283069188 11499129400
667.2071283069188 11540128400
667.2071283069188 11580129300
667.2071283069188 11647156000
667.2071283069188 11697156200
661.5358798463743 11743174700
661.5358798463743 11783163600
661.5358798463743 11824131800
661.5358798463743 11866167600
661.5358798463743 11907128900
661.5358798463743 11948131500
661.5358798463743 12000163200
661.5358798463743 12054815900
653.7945788409519 12106397900
653.7945788409519 12153400100
653.7945788409519 12196391100
653.7945788409519 12237403200
653.7945788409519 12296396000
653.7945788409519 12359392200
653.7945788409519 12399361500
653.7945788409519 12440357300
653.7945788409519 12498383700
653.7945788409519 12541384500
653.7945788409519 12593396900
653.7945788409519 12639395400
653.7945788409519 12688386600
653.7945788409519 12736383600
653.7945788409519 12776361500
653.7945788409519 12817386100
653.7945788409519 12864359500
653.7945788409519 12906383900
653.7945788409519 12946360500
653.7945788409519 12987385300
653.7945788409519 13027359700
653.7945788409519 13075358200
653.7945788409519 13117397500
653.7945788409519 13157393000
653.7945788409519 13198362300
653.7945788409519 13252362400
643.4192778738218 13299390100
643.4192778738218 13339392100
643.4192778738218 13391360100
643.4192778738218 13431358900
643.4192778738218 13475358200
643.4192778738218 13524359000
643.4192778738218 13577359700
643.4192778738218 13617361500
643.4192778738218 13658360600
643.4192778738218 13700359900
643.4192778738218 13751360700
643.4192778738218 13803358900
643.4192778738218 13851360800
643.4192778738218 13896396400
643.4192778738218 13936391900
643.4192778738218 13977387100
643.4192778738218 14031390600
643.4192778738218 14094361600
643.4192778738218 14138393600
643.4192778738218 14180360000
643.4192778738218 14221357300
643.4192778738218 14268360200
643.4192778738218 14331392000
643.4192778738218 14376360500
643.4192778738218 14418359000
643.4192778738218 14462362400
643.4192778738218 14502400000
643.4192778738218 14559392400
643.4192778738218 14609395600
643.4192778738218 14660399500
643.4192778738218 14701357700
643.4192778738218 14743392700
643.4192778738218 14795384100
643.4192778738218 14841361300
643.4192778738218 14882360600
643.4192778738218 14922358500
643.4192778738218 14971358700
643.4192778738218 15012366700
643.4192778738218 15054361200
643.4192778738218 15095359200
637.6656396472114 15139360700
637.6656396472114 15190362000
637.6656396472114 15245359200
637.6656396472114 15298391800
637.6656396472114 15351358800
637.6656396472114 15399392400
637.6656396472114 15445361200
637.6656396472114 15503359000
637.6656396472114 15544359800
637.6656396472114 15593362000
637.6656396472114 15639361600
637.6656396472114 15696384700
637.6656396472114 15736394400
637.6656396472114 15790359100
637.6656396472114 15842359000
637.6656396472114 15894361800
637.6656396472114 15943357500
637.6656396472114 15985358800
637.6656396472114 16028400600
637.6656396472114 16086390200
637.6656396472114 16135395000
637.6656396472114 16194396300
637.6656396472114 16239361600
637.6656396472114 16289359100
637.6656396472114 16334358900
637.6656396472114 16385358900
637.6656396472114 16426391500
637.6656396472114 16492561600
637.6656396472114 16533529100
637.6656396472114 16579556900
637.6656396472114 16624570200
637.6656396472114 16680561600
637.6656396472114 16736567500
637.6656396472114 16781576400
637.6656396472114 16835562900
637.6656396472114 16876523900
637.6656396472114 16925549900
637.6656396472114 16966553500
637.6656396472114 17019527500
637.6656396472114 17060524300
637.6656396472114 17116550600
637.6656396472114 17161569400
637.6656396472114 17202563900
637.6656396472114 17243524400
637.6656396472114 17283567400
637.6656396472114 17324581200
637.6656396472114 17364556900
637.6656396472114 17418562200
637.6656396472114 17467559800
637.6656396472114 17519526200
637.6656396472114 17560552000
637.6656396472114 17628556300
637.6656396472114 17680550300
637.6656396472114 17721558600
637.6656396472114 17763567800
637.6656396472114 17807523900
637.6656396472114 17851550600
637.6656396472114 17900528900
637.6656396472114 17947527100
637.6656396472114 17995559700
637.6656396472114 18045527100
637.6656396472114 18092527100
637.6656396472114 18132526900
637.6656396472114 18177526200
637.6656396472114 18232558800
637.6656396472114 18276560000
637.6656396472114 18320565700
637.6656396472114 18360527500
637.6656396472114 18404528100
637.6656396472114 18456526500
637.6656396472114 18522526600
637.6656396472114 18568559300
637.6656396472114 18614526700
637.6656396472114 18670560900
637.6656396472114 18715528900
637.6656396472114 18760527500
637.6656396472114 18801527200
637.6656396472114 18842524400
637.6656396472114 18891525900
637.6656396472114 18955526100
637.6656396472114 19003527500
636.0021684599358 19044525900
636.0021684599358 19106537700
636.0021684599358 19151525600
636.0021684599358 19198528800
636.0021684599358 19242524300
636.0021684599358 19284528500
636.0021684599358 19329527900
636.0021684599358 19382526500
631.0999995257729 19423527100
631.0999995257729 19474525700
631.0999995257729 19518526100
631.0999995257729 19559563000
631.0999995257729 19612561200
631.0999995257729 19660564700
631.0999995257729 19706566800
631.0999995257729 19756527900
631.0999995257729 19807525900
631.0999995257729 19854524400
631.0999995257729 19898525700
631.0999995257729 19951527300
631.0999995257729 19994559800
631.0999995257729 20051529100
631.0999995257729 20099528700
631.0999995257729 20139525200
625.0524566320145 20180524400
625.0524566320145 20220527000
625.0524566320145 20260526800
625.0524566320145 20312558300
625.0524566320145 20359527700
625.0524566320145 20401527500
625.0524566320145 20450556500
625.0524566320145 20515527300
625.0524566320145 20559528700
625.0524566320145 20600559600
625.0524566320145 20646524400
625.0524566320145 20693527700
625.0524566320145 20733525000
625.0524566320145 20774525300
625.0524566320145 20815524500
625.0524566320145 20865570700
625.0524566320145 20912527600
625.0524566320145 20969564100
625.0524566320145 21010567400
625.0524566320145 21054526200
625.0524566320145 21103526300
625.0524566320145 21158527500
625.0524566320145 21205525100
625.0524566320145 21246524300
625.0524566320145 21296526000
625.0524566320145 21336527500
625.0524566320145 21376528200
625.0524566320145 21428561600
625.0524566320145 21478524000
625.0524566320145 21530528500
625.0524566320145 21591526300
625.0524566320145 21657550200
625.0524566320145 21703562900
625.0524566320145 21743576900
625.0524566320145 21784612600
625.0524566320145 21825581000
625.0524566320145 21866576300
625.0524566320145 21908578200
625.0524566320145 21955576400
625.0524566320145 22004612600
625.0524566320145 22046578900
625.0524566320145 22101602700
625.0524566320145 22141602500
625.0524566320145 22186577300
625.0524566320145 22226602500
625.0524566320145 22267577600
625.0524566320145 22314577600
625.0524566320145 22367578000
625.0524566320145 22410578400
625.0524566320145 22453579700
625.0524566320145 22502577100
625.0524566320145 22544576100
625.0524566320145 22585580400
625.0524566320145 22625608800
625.0524566320145 22666614200
625.0524566320145 22729581100
625.0524566320145 22774578300
625.0524566320145 22815578800
625.0524566320145 22865577600
625.0524566320145 22917745600
625.0524566320145 22957746800
625.0524566320145 23001745400
625.0524566320145 23049714100
625.0524566320145 23094712600
625.0524566320145 23141715700
625.0524566320145 23182711300
625.0524566320145 23222711800
625.0524566320145 23262712200
625.0524566320145 23308743700
625.0524566320145 23363772700
625.0524566320145 23413714200
625.0524566320145 23473714700
625.0524566320145 23516714300
625.0524566320145 23557712800
625.0524566320145 23605712700
625.0524566320145 23647711200
