1283.6063707149883 85998700
1283.6063707149883 176999200
1283.6063707149883 256000700
1223.5508080079674 333032900
1223.5508080079674 409998800
1223.5508080079674 486000700
1127.5717177739198 564034900
1127.5717177739198 642999200
1127.5717177739198 720998500
1127.5717177739198 798998900
1127.5717177739198 876002800
1127.5717177739198 954026700
1127.5717177739198 1030024300
1127.5717177739198 1114040500
1127.5717177739198 1197000600
1127.5717177739198 1280035000
1127.5717177739198 1369002400
1127.5717177739198 1463999200
1127.5717177739198 1545024800
1127.5717177739198 1624000500
1127.5717177739198 1701000500
1127.5717177739198 1781001300
1127.5717177739198 1862029000
1127.5717177739198 1946000200
1127.5717177739198 2037999700
1127.5717177739198 2116999800
1127.5717177739198 2195998900
1127.5717177739198 2281999300
1127.5717177739198 2360999300
1127.5717177739198 2449999000
1127.5717177739198 2528034900
1127.5717177739198 2607000200
1127.5717177739198 2685999300
1127.5717177739198 2763998800
1100.021837889733 2849002000
1100.021837889733 2932998900
1100.021837889733 3010998800
1100.021837889733 3089999700
1100.021837889733 3169000400
1100.021837889733 3246003100
1088.2087499972233 3324001300
1086.1050223859277 3401001700
1086.1050223859277 3478032600
1086.1050223859277 3557000200
1044.3417887274582 3634032800
1044.3417887274582 3710999700
1044.3417887274582 3787030500
1044.3417887274582 3864000500
1044.3417887274582 3941000500
1044.3417887274582 4017999800
1044.3417887274582 4094000600
1044.3417887274582 4175000300
1044.3417887274582 4253001600
1044.3417887274582 4329998900
1044.3417887274582 4406998800
1044.3417887274582 4483998700
1044.3417887274582 4560001600
1044.3417887274582 4636999700
1044.3417887274582 4723037000
1044.3417887274582 4800998800
1044.3417887274582 4877998800
1044.3417887274582 4956999200
1044.3417887274582 5034031600
1044.3417887274582 5111043500
1044.3417887274582 5188000300
1003.0247250841941 5264001600
1003.0247250841941 5341031700
992.4510972913346 5418000100
954.5378991582838 5495034800
954.5378991582838 5572000000
954.5378991582838 5649035800
954.5378991582838 5739000000
954.5378991582838 5836001200
954.5378991582838 5927001900
954.5378991582838 6004000100
954.5378991582838 6088000500
954.5378991582838 6195002900
954.5378991582838 6280999500
954.5378991582838 6358998900
954.5378991582838 6435999500
954.5378991582838 6513998700
954.5378991582838 6590998600
854.0032248000501 6667001600
854.0032248000501 6745999100
854.0032248000501 6823999300
854.0032248000501 6917001000
854.0032248000501 7015033000
854.0032248000501 7092033200
854.0032248000501 7169032700
854.0032248000501 7246032300
854.0032248000501 7322033700
854.0032248000501 7399034700
854.0032248000501 7476041300
854.0032248000501 7553040400
854.0032248000501 7629042100
854.0032248000501 7706041100
854.0032248000501 7782041900
854.0032248000501 7880039900
854.0032248000501 7979040200
854.0032248000501 8059073500
854.0032248000501 8138040600
854.0032248000501 8234073400
854.0032248000501 8311039700
854.0032248000501 8387040400
854.0032248000501 8463041000
815.4228887545227 8540040700
815.4228887545227 8616041200
815.4228887545227 8693039700
815.4228887545227 8769040800
815.4228887545227 8846039700
815.4228887545227 8923040200
815.4228887545227 9001040400
815.4228887545227 9094040400
815.4228887545227 9189040000
815.4228887545227 9267074500
815.4228887545227 9344073300
815.4228887545227 9420073100
815.4228887545227 9497040800
815.4228887545227 9574043000
815.4228887545227 9651040100
815.4228887545227 9743073800
815.4228887545227 9819072300
815.4228887545227 9906076900
815.4228887545227 9982040700
815.4228887545227 10069043100
815.4228887545227 10146039700
815.4228887545227 10230040200
815.4228887545227 10315040600
815.4228887545227 10393071000
815.4228887545227 10470039200
815.4228887545227 10552040600
815.4228887545227 10636040900
815.4228887545227 10726040600
815.4228887545227 10819040100
815.4228887545227 10900042600
815.4228887545227 10976043800
815.4228887545227 11053043500
815.4228887545227 11130043100
794.2174486580888 11207039900
794.2174486580888 11284041900
794.2174486580888 11370040900
783.3808635647863 11447042400
783.3808635647863 11524042100
756.6918665232081 11600040100
756.6918665232081 11677039900
756.6918665232081 11754039400
756.6918665232081 11831039200
756.6918665232081 11907078800
756.6918665232081 11984040600
756.6918665232081 12061040200
756.6918665232081 12139039800
756.6918665232081 12219040700
737.1462508249235 12296073400
737.1462508249235 12379062900
737.1462508249235 12456039800
737.1462508249235 12533074200
737.1462508249235 12611040100
737.1462508249235 12688041000
737.1462508249235 12765039700
737.1462508249235 12842039600
737.1462508249235 12918041200
737.1462508249235 12995040000
737.1462508249235 13071041300
737.1462508249235 13148076600
737.1462508249235 13225039500
737.1462508249235 13301041100
737.1462508249235 13378073400
737.1462508249235 13455040400
737.1462508249235 13531073300
737.1462508249235 13608039700
737.1462508249235 13685073500
737.1462508249235 13762039800
730.5709770023894 13838042200
730.5709770023894 13928039900
730.5709770023894 14005039200
730.5709770023894 14082040300
730.5709770023894 14159042100
730.5709770023894 14236040100
693.7093141421167 14313043600
675.7991959703387 14390043700
675.7991959703387 14468040500
675.7991959703387 14558041200
675.7991959703387 14635040400
675.7991959703387 14712040600
675.7991959703387 14788040100
675.7991959703387 14869039700
675.7991959703387 14946041000
675.7991959703387 15023075300
675.7991959703387 15100040700
675.7991959703387 15177073300
675.7991959703387 15260039300
675.7991959703387 15336040200
675.7991959703387 15413039800
675.7991959703387 15491039000
675.7991959703387 15568040000
675.7991959703387 15645081500
675.7991959703387 15721082200
675.7991959703387 15799082000
675.7991959703387 15876082500
675.7991959703387 15953082200
675.7991959703387 16030082100
675.7991959703387 16119960900
675.7991959703387 16196963900
675.7991959703387 16273960800
675.7991959703387 16350963200
675.7991959703387 16427963200
675.7991959703387 16504960900
675.7991959703387 16581964600
675.7991959703387 16658965400
675.7991959703387 16736963700
675.7991959703387 16813961000
675.7991959703387 16891997900
675.7991959703387 16968992500
675.7991959703387 17049995000
675.7991959703387 17126961500
675.7991959703387 17208961300
675.7991959703387 17284962600
675.7991959703387 17361961500
675.7991959703387 17437962300
675.7991959703387 17514996100
675.7991959703387 17592050200
675.7991959703387 17669051100
675.7991959703387 17745051400
675.7991959703387 17822053700
675.7991959703387 17899054500
675.7991959703387 17977048100
675.7991959703387 18054050500
675.7991959703387 18131052100
675.7991959703387 18207017500
675.7991959703387 18284045800
672.6389310033477 18361050800
672.6389310033477 18443049900
672.6389310033477 18520017200
672.6389310033477 18598046200
672.6389310033477 18675016100
672.6389310033477 18751017100
672.6389310033477 18827017400
672.6389310033477 18905015700
672.6389310033477 18984068500
672.6389310033477 19060018500
658.456107544081 19137050500
658.456107544081 19216016900
658.456107544081 19293049200
658.456107544081 19369018500
658.456107544081 19445018400
658.456107544081 19522018200
658.456107544081 19599017500
658.456107544081 19675018400
658.456107544081 19754060000
658.456107544081 19831059300
658.456107544081 19908058100
658.456107544081 19996092800
658.456107544081 20073059500
658.456107544081 20151092900
658.456107544081 20228059400
658.456107544081 20304059900
658.456107544081 20381057700
658.456107544081 20457059300
658.456107544081 20534058600
658.456107544081 20610059200
658.456107544081 20686059500
658.456107544081 20763060100
658.456107544081 20840060000
658.456107544081 20917058400
658.456107544081 20994057900
652.5159078835977 21072057800
652.5159078835977 21148058900
652.5159078835977 21225062200
652.5159078835977 21302062000
652.5159078835977 21379061900
652.5159078835977 21460058700
652.5159078835977 21537060500
652.5159078835977 21614058100
652.5159078835977 21691061500
652.5159078835977 21767058800
652.5159078835977 21844058800
652.5159078835977 21921061800
652.5159078835977 21998058200
652.5159078835977 22074061700
652.5159078835977 22150062200
652.5159078835977 22227057900
652.5159078835977 22304057900
652.5159078835977 22380059000
649.4624662378176 22457061500
649.4624662378176 22534061800
649.4624662378176 22612059000
649.4624662378176 22690058100
649.4624662378176 22767058700
649.4624662378176 22844062200
649.4624662378176 22921062300
649.4624662378176 23006059400
649.4624662378176 23083092500
635.0330049801231 23172120000
635.0330049801231 23248059800
635.0330049801231 23325059200
635.0330049801231 23401092400
635.0330049801231 23478092800
635.0330049801231 23563091000
635.0330049801231 23640091100
635.0330049801231 23717094100
635.0330049801231 23793060600
635.0330049801231 23889058600
635.0330049801231 23966092700
635.0330049801231 24042096200
635.0330049801231 24119092900
635.0330049801231 24196100700
635.0330049801231 24274134300
635.0330049801231 24351099700
635.0330049801231 24427100700
635.0330049801231 24504101000
635.0330049801231 24581100900
635.0330049801231 24659099600
635.0330049801231 24736099200
635.0330049801231 24812099600
635.0330049801231 24889102000
635.0330049801231 24966099500
635.0330049801231 25052100300
635.0330049801231 25128136900
635.0330049801231 25205101900
635.0330049801231 25282130600
635.0330049801231 25359100800
635.0330049801231 25435101400
635.0330049801231 25512101700
635.0330049801231 25589100800
635.0330049801231 25666100400
635.0330049801231 25742100500
635.0330049801231 25819100700
635.0330049801231 25896100700
635.0330049801231 25973100200
635.0330049801231 26055099100
635.0330049801231 26134099200
635.0330049801231 26211101800
635.0330049801231 26287100300
635.0330049801231 26364100000
635.0330049801231 26441099900
635.0330049801231 26520102900
635.0330049801231 26598099100
635.0330049801231 26675100800
635.0330049801231 26751100100
635.0330049801231 26828099500
635.0330049801231 26905099500
635.0330049801231 26983100800
635.0330049801231 27060100300
635.0330049801231 27137134200
635.0330049801231 27215101500
635.0330049801231 27292100500
635.0330049801231 27377100100
635.0330049801231 27453130400
635.0330049801231 27535100800
635.0330049801231 27612134900
635.0330049801231 27689133700
635.0330049801231 27768100700
635.0330049801231 27844101800
635.0330049801231 27922099200
635.0330049801231 27998131500
635.0330049801231 28075099200
635.0330049801231 28151100300
635.0330049801231 28227101000
635.0330049801231 28304099800
635.0330049801231 28381099600
635.0330049801231 28458100100
635.0330049801231 28535101000
635.0330049801231 28612131300
635.0330049801231 28689099700
635.0330049801231 28766128900
635.0330049801231 28843131800
635.0330049801231 28920100200
635.0330049801231 28997100400
635.0330049801231 29074100600
635.0330049801231 29151100500
635.0330049801231 29229138800
635.0330049801231 29306141600
635.0330049801231 29398174400
635.0330049801231 29475140500
635.0330049801231 29552141000
635.0330049801231 29629175400
635.0330049801231 29706165600
635.0330049801231 29782141900
635.0330049801231 29859141000
635.0330049801231 29937140500
635.0330049801231 30013177800
635.0330049801231 30090174700
635.0330049801231 30166142500
635.0330049801231 30245174400
635.0330049801231 30322173700
635.0330049801231 30399172500
635.0330049801231 30475142100
635.0330049801231 30557173400
635.0330049801231 30635140700
635.0330049801231 30711173300
635.0330049801231 30788172500
635.0330049801231 30865174800
635.0330049801231 30946172900
635.0330049801231 31023172400
635.0330049801231 31105176200
635.0330049801231 31182172400
635.0330049801231 31259172500
635.0330049801231 31336174200
635.0330049801231 31414140900
635.0330049801231 31491143800
635.0330049801231 31569143200
635.0330049801231 31660174500
635.0330049801231 31737173300
635.0330049801231 31813142900
635.0330049801231 31890142500
635.0330049801231 31968140400
635.0330049801231 32060140500
635.0330049801231 32136174500
635.0330049801231 32213141500
635.0330049801231 32289143200
635.0330049801231 32378194800
635.0330049801231 32457226600
635.0330049801231 32540192600
635.0330049801231 32620196000
635.0330049801231 32697193000
635.0330049801231 32774192100
635.0330049801231 32851192000
635.0330049801231 32928193000
635.0330049801231 33006193700
635.0330049801231 33084195200
635.0330049801231 33161192100
635.0330049801231 33238192200
635.0330049801231 33315192600
635.0330049801231 33393195000
635.0330049801231 33470196300
635.0330049801231 33548192300
635.0330049801231 33625196000
635.0330049801231 33704193200
635.0330049801231 33785192100
635.0330049801231 33861195900
635.0330049801231 33938226100
635.0330049801231 34015194800
635.0330049801231 34092218000
635.0330049801231 34169224800
635.0330049801231 34246227700
635.0330049801231 34323270100
635.0330049801231 34400268500
635.0330049801231 34477235700
635.0330049801231 34554236200
635.0330049801231 34630236800
635.0330049801231 34708236200
635.0330049801231 34785272700
635.0330049801231 34862269600
635.0330049801231 34959234900
635.0330049801231 35036234900
635.0330049801231 35118238900
635.0330049801231 35196237800
635.0330049801231 35273236200
635.0330049801231 35351237700
635.0330049801231 35428238300
635.0330049801231 35506267700
635.0330049801231 35586237000
635.0330049801231 35663236400
635.0330049801231 35740269300
635.0330049801231 35817235300
635.0330049801231 35898235400
635.0330049801231 35974236800
635.0330049801231 36051235700
635.0330049801231 36128267000
635.0330049801231 36206298200
635.0330049801231 36283299400
635.0330049801231 36360289600
635.0330049801231 36436302700
635.0330049801231 36513304300
635.0330049801231 36590299000
635.0330049801231 36677266200
635.0330049801231 36754269800
635.0330049801231 36833266000
635.0330049801231 36910267100
635.0330049801231 36987267100
635.0330049801231 37064266900
635.0330049801231 37142267000
635.0330049801231 37220266100
635.0330049801231 37308266400
635.0330049801231 37397268700
635.0330049801231 37488278600
635.0330049801231 37565279000
635.0330049801231 37642281800
635.0330049801231 37720278500
635.0330049801231 37797278500
635.0330049801231 37874278500
635.0330049801231 37951288900
635.0330049801231 38027281000
635.0330049801231 38104279700
635.0330049801231 38181316700
635.0330049801231 38258281000
635.0330049801231 38335281300
635.0330049801231 38412280000
635.0330049801231 38489279000
635.0330049801231 38565280900
635.0330049801231 38643279000
635.0330049801231 38719281800
635.0330049801231 38796281200
635.0330049801231 38882280100
635.0330049801231 38959283100
635.0330049801231 39036279300
635.0330049801231 39113282800
635.0330049801231 39191279000
635.0330049801231 39270279100
635.0330049801231 39347926200
