1279.1199171931778 49999300
1279.1199171931778 90000000
1279.1199171931778 123999500
1206.514381875073 161998800
1206.514381875073 196999300
1206.514381875073 232999300
1206.514381875073 266999100
1206.514381875073 305999500
1206.514381875073 342999500
1206.514381875073 385001000
1174.766206984543 420999400
1174.766206984543 456999800
1174.766206984543 490999700
1174.766206984543 531998300
1172.9163952356068 571000800
1172.9163952356068 614999400
1172.9163952356068 656999400
1172.9163952356068 692998700
1172.9163952356068 725999400
1104.690271898531 758999400
1104.690271898531 797999200
1104.690271898531 834998700
1104.690271898531 871001100
1104.690271898531 913998700
1104.690271898531 950999300
1104.690271898531 986001600
1104.690271898531 1020999000
1104.690271898531 1058999400
1104.690271898531 1097998900
1104.690271898531 1133998200
1104.690271898531 1168999500
1104.690271898531 1202000500
1045.0589973147983 1236002000
1045.0589973147983 1274998300
1045.0589973147983 1308999200
1045.0589973147983 1347998800
1045.0589973147983 1382998300
1045.0589973147983 1416998200
1045.0589973147983 1458999300
1045.0589973147983 1491999300
1045.0589973147983 1530001900
1045.0589973147983 1572999900
1045.0589973147983 1611998200
1045.0589973147983 1651998300
1045.0589973147983 1693998200
1045.0589973147983 1733050900
1045.0589973147983 1769999500
1045.0589973147983 1809999400
1045.0589973147983 1849999500
1045.0589973147983 1883000800
1044.1432815655323 1922999300
1043.1032679478697 1987999200
1043.1032679478697 2022000700
1005.175683992016 2055000700
1005.175683992016 2090999600
1005.175683992016 2123998700
1005.175683992016 2167999400
1005.175683992016 2207001200
1005.175683992016 2246998400
1005.175683992016 2288999400
1005.175683992016 2331000600
1005.175683992016 2372998700
1005.175683992016 2415998400
1005.175683992016 2458998400
1005.175683992016 2494998600
1005.175683992016 2530998700
1005.175683992016 2566000800
981.7094600297703 2603000000
981.7094600297703 2638998700
981.7094600297703 2671998300
981.7094600297703 2711000300
981.7094600297703 2748000300
977.5825626741207 2785998200
975.2764573741672 2821999400
975.2764573741672 2857998600
975.2764573741672 2900034800
975.2764573741672 2942001000
975.2764573741672 2979001400
975.2764573741672 3020998800
975.2764573741672 3059999400
975.2764573741672 3097998500
968.0958720335866 3132998900
968.0958720335866 3173999100
968.0958720335866 3214998200
968.0958720335866 3251000700
968.0958720335866 3291999500
886.9447757993355 3332002000
886.9447757993355 3370999300
886.9447757993355 3411998600
886.9447757993355 3454000700
886.9447757993355 3498001900
886.9447757993355 3540001100
886.9447757993355 3583998500
869.0030768837275 3618000500
869.0030768837275 3657999700
869.0030768837275 3694000200
869.0030768837275 3732999400
869.0030768837275 3772998300
852.1851696087796 3812999600
852.1851696087796 3848999000
852.1851696087796 3885999300
852.1851696087796 3929000300
852.1851696087796 3966998700
850.416907658027 4002999200
850.416907658027 4038999800
850.416907658027 4078999300
850.416907658027 4116998200
827.4720566790627 4157999400
827.4720566790627 4199998700
827.4720566790627 4239999200
827.4720566790627 4275998800
827.4720566790627 4307999400
827.4720566790627 4349998500
827.4720566790627 4390999000
827.4720566790627 4427000400
827.4720566790627 4465999300
827.4720566790627 4500999600
827.4720566790627 4543999500
827.4720566790627 4582999200
827.4720566790627 4625999100
827.4720566790627 4661999100
827.4720566790627 4698999200
827.4720566790627 4738000300
827.4720566790627 4775000400
752.7773999977052 4807999900
752.7773999977052 4847999600
752.7773999977052 4883999700
752.7773999977052 4918999700
752.7773999977052 4956999300
752.7773999977052 4994000000
752.7773999977052 5027998300
752.7773999977052 5065998400
752.7773999977052 5109000100
752.7773999977052 5150998400
752.7773999977052 5190999100
752.7773999977052 5226998700
752.7773999977052 5266000000
745.9168793466321 5302000400
745.9168793466321 5342998600
745.9168793466321 5380999000
745.9168793466321 5413999600
745.9168793466321 5455999100
745.9168793466321 5494999700
745.9168793466321 5530998400
745.9168793466321 5566999400
745.9168793466321 5601999600
745.9168793466321 5643998300
745.9168793466321 5681000500
745.9168793466321 5714999300
745.9168793466321 5751998600
745.9168793466321 5791998500
745.9168793466321 5853999500
745.9168793466321 5887999300
745.9168793466321 5922998800
745.9168793466321 5960999400
745.9168793466321 6000998300
745.9168793466321 6036999300
745.9168793466321 6078999700
745.9168793466321 6115000100
745.9168793466321 6148999400
745.9168793466321 6189999000
745.9168793466321 6231998300
745.9168793466321 6265999300
731.0512156948179 6306999300
731.0512156948179 6346998800
731.0512156948179 6386998300
731.0512156948179 6426998700
731.0512156948179 6465039400
712.4830564784702 6500034200
712.4830564784702 6536998400
712.4830564784702 6575000300
712.4830564784702 6608999900
712.4830564784702 6645998400
712.4830564784702 6678999400
712.4830564784702 6711000600
712.4830564784702 6747999800
712.4830564784702 6789999300
712.4830564784702 6832999000
712.4830564784702 6872999900
712.4830564784702 6908999400
712.4830564784702 6944999600
712.4830564784702 6981999400
712.4830564784702 7019999800
678.9745540287595 7060999400
678.9745540287595 7096000500
678.9745540287595 7134998600
678.9745540287595 7172998600
678.9745540287595 7208999400
678.9745540287595 7245999700
678.9745540287595 7284999300
678.9745540287595 7322998300
678.9745540287595 7361999400
678.9745540287595 7402999400
678.9745540287595 7438999400
678.9745540287595 7471998600
678.9745540287595 7510000100
678.9745540287595 7548999100
678.9745540287595 7582000800
678.9745540287595 7621998800
678.9745540287595 7663999600
678.9745540287595 7698998500
678.9745540287595 7738999300
678.9745540287595 7780998400
678.9745540287595 7817999900
678.9745540287595 7851998300
678.9745540287595 7889998800
678.9745540287595 7926998600
678.9745540287595 7964998200
678.9745540287595 8000000600
678.9745540287595 8036998600
678.9745540287595 8074998200
678.9745540287595 8112998300
678.9745540287595 8146999400
678.9745540287595 8182000000
678.9745540287595 8216998900
678.9745540287595 8258998600
678.9745540287595 8296998300
678.9745540287595 8329998100
678.9745540287595 8371999300
678.9745540287595 8409999200
678.9745540287595 8443998700
678.9745540287595 8484999800
678.9745540287595 8527000600
678.9745540287595 8563999400
678.9745540287595 8599000200
678.9745540287595 8639999500
678.9745540287595 8673999800
678.9745540287595 8708998200
678.9745540287595 8746998800
678.9745540287595 8785999900
678.9745540287595 8821998800
678.9745540287595 8858998300
678.9745540287595 8894999700
678.9745540287595 8936999600
678.9745540287595 8974999500
678.9745540287595 9010999500
678.9745540287595 9044998700
678.9745540287595 9083999300
678.9745540287595 9120998700
654.19181907217 9158999300
654.19181907217 9199001600
654.19181907217 9238000900
654.19181907217 9279998300
654.19181907217 9316000900
654.19181907217 9352999500
654.19181907217 9387998200
654.19181907217 9422998600
654.19181907217 9459999600
654.19181907217 9492999000
654.19181907217 9535000900
654.19181907217 9571998800
654.19181907217 9629999400
654.19181907217 9672998300
654.19181907217 9714000100
654.19181907217 9755999400
654.19181907217 9788998700
654.19181907217 9827999400
645.0723994213605 9867999100
645.0723994213605 9907999400
645.0723994213605 9944031400
645.0723994213605 9979999200
645.0723994213605 10019033600
645.0723994213605 10053998300
645.0723994213605 10089998600
645.0723994213605 10128001600
645.0723994213605 10162998300
645.0723994213605 10202998700
645.0723994213605 10244998300
645.0723994213605 10287998300
645.0723994213605 10329998300
645.0723994213605 10368998200
645.0723994213605 10408999500
645.0723994213605 10445998300
645.0723994213605 10485999700
645.0723994213605 10527000400
638.2629505134338 10567998200
638.2629505134338 10602998500
638.2629505134338 10642999800
638.2629505134338 10682998200
638.2629505134338 10722999600
638.2629505134338 10761999700
638.2629505134338 10800998800
638.2629505134338 10834999600
638.2629505134338 10875999400
638.2629505134338 10912999900
638.2629505134338 10954999500
638.2629505134338 10990999300
638.2629505134338 11028998400
638.2629505134338 11070999600
638.2629505134338 11106998300
638.2629505134338 11147998200
638.2629505134338 11189998400
638.2629505134338 11225999700
638.2629505134338 11259998400
638.2629505134338 11298999400
638.2629505134338 11336999300
638.2629505134338 11378998400
638.2629505134338 11421998900
638.2629505134338 11463998700
638.2629505134338 11503998200
638.2629505134338 11540999800
638.2629505134338 11581998200
638.2629505134338 11617000600
638.2629505134338 11652998900
638.2629505134338 11686999300
638.2629505134338 11727000500
638.2629505134338 11766000700
638.2629505134338 11808000400
638.2629505134338 11848998800
638.2629505134338 11890999700
638.2629505134338 11929998300
638.2629505134338 11967998200
638.2629505134338 12009998200
638.2629505134338 12043999500
638.2629505134338 12079998700
638.2629505134338 12121999600
638.2629505134338 12157999300
638.2629505134338 12190998700
638.2629505134338 12223998900
638.2629505134338 12261001000
638.2629505134338 12295998900
638.2629505134338 12335998300
638.2629505134338 12377998200
638.2629505134338 12412999500
638.2629505134338 12454998900
638.2629505134338 12495998700
638.2629505134338 12538998900
638.2629505134338 12581999500
638.2629505134338 12622998400
638.2629505134338 12665999400
638.2629505134338 12703998800
638.2629505134338 12741998200
638.2629505134338 12778998700
638.2629505134338 12819999900
638.2629505134338 12859999800
638.2629505134338 12898999900
638.2629505134338 12935000000
638.2629505134338 12973999600
638.2629505134338 13012000400
638.2629505134338 13052998300
638.2629505134338 13090998500
638.2629505134338 13124998600
638.2629505134338 13162999500
638.2629505134338 13201999700
638.2629505134338 13243998400
638.2629505134338 13286998400
638.2629505134338 13322998700
638.2629505134338 13361999100
638.2629505134338 13403999000
638.2629505134338 13445998500
638.2629505134338 13488999100
638.2629505134338 13551998300
638.2629505134338 13591998700
638.2629505134338 13628999300
638.2629505134338 13666998300
638.2629505134338 13708999600
638.2629505134338 13746999900
638.2629505134338 13781999400
638.2629505134338 13816999400
638.2629505134338 13854999000
638.2629505134338 13888998200
638.2629505134338 13926999300
638.2629505134338 13960998800
638.2629505134338 13997998200
638.2629505134338 14039000400
638.2629505134338 14077000900
638.2629505134338 14116999800
638.2629505134338 14158998400
638.2629505134338 14198998700
638.2629505134338 14234998400
638.2629505134338 14277999000
638.2629505134338 14320998400
638.2629505134338 14362998600
638.2629505134338 14402999800
638.2629505134338 14437998400
638.2629505134338 14472999800
638.2629505134338 14515000400
638.2629505134338 14558000900
638.2629505134338 14598001300
638.2629505134338 14641000300
638.2629505134338 14677000000
638.2629505134338 14710998800
631.8326261049982 14748001000
631.8326261049982 14782998300
631.8326261049982 14820998300
631.8326261049982 14861000700
631.8326261049982 14898000000
631.8326261049982 14930998600
631.8326261049982 14965000300
631.8326261049982 15004998700
631.8326261049982 15039998600
631.8326261049982 15074998300
631.8326261049982 15117000000
631.8326261049982 15153999100
631.8326261049982 15188998300
631.8326261049982 15230998400
631.8326261049982 15271000400
631.8326261049982 15312998900
631.8326261049982 15352003300
631.8326261049982 15389999800
631.8326261049982 15426998300
631.8326261049982 15471001000
631.8326261049982 15503998300
631.8326261049982 15546999500
631.8326261049982 15583999400
631.8326261049982 15617999500
631.8326261049982 15657000400
631.8326261049982 15700000700
631.8326261049982 15741999600
631.8326261049982 15783999800
631.8326261049982 15824999600
631.8326261049982 15866999100
631.8326261049982 15906998300
631.8326261049982 15942999500
631.8326261049982 15983998700
631.8326261049982 16020999300
631.8326261049982 16064005800
631.8326261049982 16104999200
631.8326261049982 16144999400
631.8326261049982 16180999100
631.8326261049982 16223998300
631.8326261049982 16260998200
631.8326261049982 16298998200
631.8326261049982 16340999400
631.8326261049982 16377998500
631.8326261049982 16413998200
631.8326261049982 16454999100
631.8326261049982 16491001700
631.8326261049982 16527999900
631.8326261049982 16563999000
631.8326261049982 16604999200
631.8326261049982 16638998400
631.8326261049982 16677998600
631.8326261049982 16715999300
631.8326261049982 16757998700
631.8326261049982 16794998700
631.8326261049982 16835001500
631.8326261049982 16872998500
631.8326261049982 16908998900
631.8326261049982 16950999600
631.8326261049982 16992998200
631.8326261049982 17028998500
631.8326261049982 17067998300
631.8326261049982 17109999600
631.8326261049982 17149998300
631.8326261049982 17190999600
631.8326261049982 17229998800
631.8326261049982 17267999000
631.8326261049982 17304999300
631.8326261049982 17341001300
631.8326261049982 17376001100
631.8326261049982 17431998600
631.8326261049982 17467000900
631.8326261049982 17502998400
631.8326261049982 17536999500
631.8326261049982 17568998500
631.8326261049982 17608001400
631.8326261049982 17643999500
631.8326261049982 17678999400
631.8326261049982 17721998300
631.8326261049982 17756999100
631.8326261049982 17790999500
631.8326261049982 17827000200
631.8326261049982 17862998400
631.8326261049982 17899998700
631.8326261049982 17941999600
631.8326261049982 17979999800
631.8326261049982 18016999400
631.8326261049982 18054998200
631.8326261049982 18100998300
631.8326261049982 18140999300
631.8326261049982 18182999600
631.8326261049982 18226030700
631.8326261049982 18265031000
631.8326261049982 18303031700
631.8326261049982 18341031600
631.8326261049982 18383030900
631.8326261049982 18422030500
631.8326261049982 18463032900
631.8326261049982 18503031500
631.8326261049982 18542032600
631.8326261049982 18585030500
631.8326261049982 18622031300
631.8326261049982 18661031100
631.8326261049982 18698032400
631.8326261049982 18740031500
631.8326261049982 18779030800
631.8326261049982 18824031400
631.8326261049982 18868030500
631.8326261049982 18911030400
631.8326261049982 18950031400
631.8326261049982 18989030400
631.8326261049982 19034032400
631.8326261049982 19071030400
631.8326261049982 19107030500
631.8326261049982 19150030400
631.8326261049982 19190035200
631.8326261049982 19227031300
631.8326261049982 19272032600
631.8326261049982 19311030400
