671.7280695720196 25999900
605.1202845386115 41001300
605.1202845386115 55000700
605.1202845386115 68999100
605.1202845386115 82001700
605.1202845386115 95999000
605.1202845386115 108999500
592.0648207334926 121999300
592.0648207334926 134999100
592.0648207334926 152998800
582.9957107254023 167999100
582.9957107254023 181000300
582.9957107254023 193999100
582.9957107254023 208999300
581.6449660803203 222000200
581.6449660803203 235001000
581.6449660803203 249000200
581.6449660803203 261999200
581.6449660803203 274999000
581.6449660803203 289000300
581.6449660803203 302000100
581.6449660803203 315000400
581.6449660803203 327999000
581.6449660803203 340999000
581.6449660803203 356999400
581.6449660803203 370999100
581.6449660803203 384001600
581.6449660803203 397001100
581.6449660803203 410000700
555.90425989817 423000800
555.90425989817 437001200
555.90425989817 450002700
541.2813917282378 463002200
541.2813917282378 476002700
541.2813917282378 489002200
541.2813917282378 503002900
541.2813917282378 516002200
541.2813917282378 528999100
541.2813917282378 543003100
541.2813917282378 556999300
541.2813917282378 569999100
541.2813917282378 585003600
541.2813917282378 600035900
541.2813917282378 619026400
541.2813917282378 634031900
541.2813917282378 648031700
541.2813917282378 662001400
541.2813917282378 676001500
529.9925430530279 698999900
529.9925430530279 712999200
529.9925430530279 726999200
529.9925430530279 740999600
529.9925430530279 758002600
529.9925430530279 779999700
529.9925430530279 795001300
529.9925430530279 809001400
519.9120197775889 822001500
519.9120197775889 836002700
519.9120197775889 849002200
519.9120197775889 863003600
519.9120197775889 876002300
508.52996372819683 890002600
508.52996372819683 903003000
508.52996372819683 916035600
508.52996372819683 930036100
508.52996372819683 943002600
508.52996372819683 956999300
508.52996372819683 970999400
508.52996372819683 983999400
508.52996372819683 996999100
508.52996372819683 1009999000
500.75299914481224 1022999000
500.75299914481224 1036999400
500.75299914481224 1049999100
500.75299914481224 1064998400
500.75299914481224 1078998600
500.75299914481224 1092999900
500.75299914481224 1110001200
500.75299914481224 1126000000
500.75299914481224 1142000500
480.67582671431217 1161998800
480.67582671431217 1178000500
480.67582671431217 1193999600
480.67582671431217 1209998900
480.67582671431217 1225999300
480.67582671431217 1239998900
480.67582671431217 1252999000
480.67582671431217 1268001000
480.67582671431217 1286001500
474.00400334121105 1298999400
474.00400334121105 1311999200
474.00400334121105 1324999000
474.00400334121105 1337999000
474.00400334121105 1351998900
474.00400334121105 1365999500
469.84045427708423 1379001500
469.84045427708423 1392001000
469.84045427708423 1405000900
469.84045427708423 1418000800
469.84045427708423 1432037700
469.84045427708423 1445046100
469.84045427708423 1461043900
469.84045427708423 1475043000
456.46702667191545 1488045900
456.46702667191545 1502046400
456.46702667191545 1515046300
456.46702667191545 1528045700
456.46702667191545 1541045900
456.46702667191545 1555046000
456.46702667191545 1570044700
456.46702667191545 1588042100
456.46702667191545 1605043200
456.46702667191545 1627043400
456.46702667191545 1643044800
456.46702667191545 1659045600
456.46702667191545 1675045800
456.46702667191545 1692044900
456.46702667191545 1708044800
456.46702667191545 1724044900
456.46702667191545 1739043500
456.46702667191545 1753045600
456.46702667191545 1766042700
456.46702667191545 1780042700
456.46702667191545 1794042500
456.46702667191545 1808042800
456.46702667191545 1821045400
456.46702667191545 1835044600
456.46702667191545 1848042600
456.46702667191545 1862042900
456.46702667191545 1875042900
456.46702667191545 1888044600
456.46702667191545 1901042600
456.46702667191545 1915042600
456.46702667191545 1928044900
456.46702667191545 1941043400
456.46702667191545 1954042600
456.46702667191545 1967042500
456.46702667191545 1990043300
456.46702667191545 2003042700
434.3082616882956 2017043000
434.3082616882956 2030042700
434.3082616882956 2043042500
434.3082616882956 2058042900
434.3082616882956 2071042700
434.3082616882956 2084044500
434.3082616882956 2098042800
434.3082616882956 2111042900
434.3082616882956 2124042700
434.3082616882956 2138042500
434.3082616882956 2151042700
434.3082616882956 2165042700
434.3082616882956 2186045500
434.3082616882956 2211042900
434.3082616882956 2224043300
434.3082616882956 2238042700
434.3082616882956 2251042700
434.3082616882956 2265042500
434.3082616882956 2278044300
434.3082616882956 2292043900
434.3082616882956 2305042800
434.3082616882956 2319043100
434.3082616882956 2340043300
434.3082616882956 2355042000
434.3082616882956 2377042700
434.3082616882956 2394043400
434.3082616882956 2411044300
434.3082616882956 2426043800
434.3082616882956 2442042100
434.3082616882956 2458042300
434.3082616882956 2474042100
434.3082616882956 2488042600
434.3082616882956 2502043800
434.3082616882956 2515042500
434.3082616882956 2535045100
434.3082616882956 2548044800
434.3082616882956 2561042600
434.3082616882956 2575045200
434.3082616882956 2588042700
434.3082616882956 2601043000
434.3082616882956 2614042600
434.3082616882956 2628042800
434.3082616882956 2641044600
434.3082616882956 2659043500
434.3082616882956 2672044400
434.3082616882956 2685046100
434.3082616882956 2699045800
434.3082616882956 2712046300
434.3082616882956 2725046200
434.3082616882956 2738045900
427.433855188679 2751042700
427.433855188679 2765043000
427.433855188679 2778046400
427.433855188679 2792045800
427.433855188679 2805045900
427.433855188679 2818045500
427.433855188679 2831042700
427.433855188679 2845046500
427.433855188679 2858045900
427.433855188679 2872042900
427.433855188679 2885042900
427.433855188679 2898042800
427.433855188679 2914042800
427.433855188679 2933046500
427.433855188679 2946045700
427.433855188679 2960045900
427.433855188679 2974046300
427.433855188679 2987045900
427.433855188679 3000042800
427.433855188679 3014042600
427.433855188679 3027046400
427.433855188679 3040046200
427.433855188679 3053045600
427.433855188679 3066046000
427.433855188679 3080043100
427.433855188679 3093043000
427.433855188679 3106046000
427.433855188679 3119045800
427.433855188679 3133046100
427.433855188679 3146046700
427.433855188679 3159042800
425.56798590759644 3172042800
425.56798590759644 3186043100
425.56798590759644 3199042900
425.56798590759644 3212042600
425.56798590759644 3225042600
425.56798590759644 3239043000
425.56798590759644 3252046000
425.56798590759644 3265045500
425.56798590759644 3278045500
425.56798590759644 3291042600
425.56798590759644 3305042700
425.56798590759644 3320044300
425.56798590759644 3343043200
425.56798590759644 3359043500
425.56798590759644 3375043500
425.56798590759644 3393043700
425.56798590759644 3410042500
425.56798590759644 3426044100
425.56798590759644 3446043100
425.56798590759644 3462043900
425.1979153945149 3477043500
425.1979153945149 3491042600
423.47430930019243 3505043800
423.47430930019243 3518042900
423.47430930019243 3531042700
423.47430930019243 3545043800
423.47430930019243 3558044600
423.47430930019243 3571042500
423.47430930019243 3585043700
423.47430930019243 3598042500
423.47430930019243 3611042800
423.47430930019243 3626042800
423.47430930019243 3640043000
423.47430930019243 3653044400
423.47430930019243 3666044400
423.47430930019243 3680044800
423.47430930019243 3693043100
423.47430930019243 3706046000
423.47430930019243 3719045700
423.47430930019243 3733046500
423.47430930019243 3746046400
422.60260951918514 3759042800
422.60260951918514 3772045900
422.60260951918514 3786047700
422.60260951918514 3799045900
422.60260951918514 3813043800
422.60260951918514 3837043100
422.60260951918514 3855042400
422.60260951918514 3871043000
422.60260951918514 3888042900
422.60260951918514 3907045200
422.60260951918514 3925044000
422.60260951918514 3943044400
422.60260951918514 3961044400
422.60260951918514 3978044300
422.60260951918514 3993046400
422.60260951918514 4007043000
422.60260951918514 4022069900
422.60260951918514 4036077700
422.60260951918514 4051078300
422.60260951918514 4069043400
422.60260951918514 4087043600
422.60260951918514 4104044500
422.60260951918514 4119043400
422.60260951918514 4134043600
422.60260951918514 4148043500
422.60260951918514 4163042600
422.60260951918514 4176044700
422.60260951918514 4190042500
422.60260951918514 4204042800
422.60260951918514 4217042600
422.60260951918514 4231045000
422.60260951918514 4244044700
422.60260951918514 4258044900
422.60260951918514 4271044500
422.60260951918514 4285047100
422.60260951918514 4298046300
422.60260951918514 4311045800
422.60260951918514 4324042700
422.60260951918514 4338042900
422.60260951918514 4351042900
422.60260951918514 4371044700
422.60260951918514 4391043000
422.60260951918514 4412044800
422.60260951918514 4425042600
422.60260951918514 4440044600
422.60260951918514 4454042600
422.60260951918514 4467042600
422.60260951918514 4480042500
422.60260951918514 4494042600
422.60260951918514 4507042600
422.60260951918514 4521043900
422.60260951918514 4535042900
422.60260951918514 4548042600
422.60260951918514 4562042900
422.60260951918514 4584043500
422.60260951918514 4605044100
422.60260951918514 4621043900
422.60260951918514 4637044900
422.60260951918514 4653045200
422.60260951918514 4669044600
420.02486334373384 4686045200
420.02486334373384 4703042500
420.02486334373384 4720042200
418.2660606195276 4735042800
418.2660606195276 4749042600
418.2660606195276 4762045900
418.2660606195276 4776042600
418.2660606195276 4789042700
418.2660606195276 4803045000
418.2660606195276 4816042500
418.2660606195276 4829042500
418.2660606195276 4842042600
418.2660606195276 4855044600
418.2660606195276 4869042500
418.2660606195276 4882042800
418.2660606195276 4895042700
418.2660606195276 4908042700
418.2660606195276 4921042500
418.2660606195276 4935042400
418.2660606195276 4948044900
418.2660606195276 4961042400
418.2660606195276 4974042600
418.2660606195276 4988044500
418.2660606195276 5001042700
418.2660606195276 5014044300
418.2660606195276 5027042500
418.2660606195276 5041042800
418.2660606195276 5054042700
418.2660606195276 5067042700
418.2660606195276 5080042500
418.2660606195276 5095042700
418.2660606195276 5109042500
418.2660606195276 5122042600
418.2660606195276 5135044500
418.2660606195276 5149045600
418.2660606195276 5162042600
418.2660606195276 5176042700
418.2660606195276 5189042600
418.2660606195276 5203042900
418.2660606195276 5216042600
418.2660606195276 5229042600
418.2660606195276 5242042400
418.2660606195276 5255044400
418.2660606195276 5269042500
418.2660606195276 5290043000
418.2660606195276 5303042600
418.2660606195276 5317042900
418.2660606195276 5330042800
418.2660606195276 5343042700
418.2660606195276 5357043000
418.2660606195276 5370042700
418.2660606195276 5384042800
418.2660606195276 5397042600
418.2660606195276 5411042700
418.2660606195276 5424042900
418.2660606195276 5437042900
418.2660606195276 5450042700
418.2660606195276 5464045300
418.2660606195276 5477044900
418.2660606195276 5493042500
418.2660606195276 5507042800
418.2660606195276 5520044300
418.2660606195276 5534042900
418.2660606195276 5547042500
418.2660606195276 5562043300
418.2660606195276 5582043100
418.2660606195276 5599042400
418.2660606195276 5615044300
418.2660606195276 5631042900
418.2660606195276 5650043300
418.2660606195276 5666042600
418.2660606195276 5689042500
418.2660606195276 5706046300
418.2660606195276 5722042300
418.2660606195276 5736042900
418.2660606195276 5750042900
418.2660606195276 5763045200
418.2660606195276 5777050100
418.2660606195276 5790044400
418.2660606195276 5804043100
418.2660606195276 5819042800
418.2660606195276 5834042500
418.2660606195276 5847044600
418.2660606195276 5861043800
418.2660606195276 5875043300
418.2660606195276 5890043600
418.2660606195276 5903043300
418.2660606195276 5916042500
418.2660606195276 5930045200
418.2660606195276 5943045300
418.2660606195276 5956044500
418.2660606195276 5969045700
418.2660606195276 5982045800
418.2660606195276 5995045600
418.2660606195276 6009046300
418.2660606195276 6022046300
418.2660606195276 6035046000
418.2660606195276 6048042900
418.2660606195276 6062043000
418.2660606195276 6075042900
418.2660606195276 6089046600
418.2660606195276 6102046200
418.2660606195276 6115045800
418.2660606195276 6128045900
418.2660606195276 6141046000
418.2660606195276 6155042900
418.2660606195276 6168043200
418.2660606195276 6182042500
418.2660606195276 6196042800
418.2660606195276 6209042600
418.2660606195276 6223078600
418.2660606195276 6236042500
418.2660606195276 6250045600
418.2660606195276 6263045400
418.2660606195276 6276045300
418.2660606195276 6289045400
418.2660606195276 6303046300
418.2660606195276 6316046100
418.2660606195276 6329045800
418.2660606195276 6342045800
418.2660606195276 6355042700
418.2660606195276 6369042600
418.2660606195276 6382042700
418.2660606195276 6395042800
418.2660606195276 6408045400
418.2660606195276 6422045400
418.2660606195276 6435045600
418.2660606195276 6448045700
418.2660606195276 6461046100
418.2660606195276 6474045700
418.2660606195276 6495049000
418.2660606195276 6514043000
418.2660606195276 6528046400
418.2660606195276 6542046500
418.2660606195276 6555045800
418.2660606195276 6569042500
418.2660606195276 6583042400
418.2660606195276 6604074400
418.2660606195276 6617045400
418.2660606195276 6631046300
418.2660606195276 6645043000
418.2660606195276 6658042900
418.2660606195276 6671046000
418.2660606195276 6685045000
418.2660606195276 6698042600
418.2660606195276 6715046200
418.2660606195276 6728045800
418.2660606195276 6742045800
418.2660606195276 6764043200
418.2660606195276 6778046500
418.2660606195276 6791045700
418.2660606195276 6805043000
418.2660606195276 6818043000
418.2660606195276 6831042800
418.2660606195276 6844042800
418.2660606195276 6858042800
418.2660606195276 6871043000
418.2660606195276 6884042800
418.2660606195276 6897042900
418.2660606195276 6910042700
418.2660606195276 6923043700
418.2660606195276 6937042800
418.2660606195276 6950042900
418.2660606195276 6963042900
418.2660606195276 6977043400
418.2660606195276 6990045700
418.2660606195276 7003045500
418.2660606195276 7017045800
418.2660606195276 7030046200
418.2660606195276 7043046600
418.2660606195276 7056045700
418.2660606195276 7069045800
418.2660606195276 7083046500
418.2660606195276 7097060100
418.2660606195276 7110042700
418.2660606195276 7124043100
418.2660606195276 7137046200
418.2660606195276 7150045800
418.2660606195276 7164046400
