638.1784790051081 63002300
638.1784790051081 138999800
638.1784790051081 177999600
638.1784790051081 212000200
628.569535540877 267001200
624.3720897473154 328999600
624.3720897473154 358000300
624.3720897473154 399999600
624.3720897473154 453999800
558.2403729882633 492999500
558.2403729882633 533001300
558.2403729882633 589000500
558.2403729882633 638999400
558.2403729882633 687000200
558.2403729882633 735001600
558.2403729882633 764515600
558.2403729882633 805514300
558.2403729882633 849024100
558.2403729882633 913025400
558.2403729882633 955025700
558.2403729882633 1000024800
558.2403729882633 1044540200
558.2403729882633 1099538900
558.2403729882633 1153050900
558.2403729882633 1202052200
558.2403729882633 1246051100
558.2403729882633 1296052900
558.2403729882633 1330112800
558.2403729882633 1368186300
558.2403729882633 1406187700
558.2403729882633 1436186100
558.2403729882633 1489188000
558.2403729882633 1529217500
558.2403729882633 1566216000
558.2403729882633 1599216300
558.2403729882633 1656249700
543.9843711239631 1709389100
543.9843711239631 1754278500
543.9843711239631 1812277700
543.9843711239631 1853305900
543.9843711239631 1904306300
543.9843711239631 1949510400
525.7477863911449 1979306000
525.7477863911449 2022305500
525.7477863911449 2075331300
525.7477863911449 2103331400
525.7477863911449 2131352700
525.7477863911449 2159352600
525.7477863911449 2223353700
525.7477863911449 2264354800
513.31640204624 2313399500
507.9589725838022 2364442800
507.9589725838022 2431444900
494.9477101760099 2478471600
494.9477101760099 2531498900
494.9477101760099 2576500200
494.9477101760099 2635499400
494.9477101760099 2688499800
494.9477101760099 2735500100
494.9477101760099 2763499400
494.9477101760099 2829791500
476.6875893331777 2880553300
476.6875893331777 2919554800
476.6875893331777 2954576200
476.6875893331777 2992599900
476.6875893331777 3019633100
476.6875893331777 3091645300
476.6875893331777 3139158100
476.6875893331777 3184159800
476.6875893331777 3226158000
476.6875893331777 3254159400
476.6875893331777 3312158700
476.6875893331777 3360157500
476.6875893331777 3398157800
476.6875893331777 3433159100
476.6875893331777 3494159900
476.6875893331777 3525160900
476.6875893331777 3565157400
476.6875893331777 3598157200
476.6875893331777 3653157300
476.6875893331777 3707159900
476.6875893331777 3749157100
476.6875893331777 3791159900
476.6875893331777 3835159300
476.6875893331777 3867157200
476.6875893331777 3905160500
476.6875893331777 3958157200
476.6875893331777 4008157100
476.6875893331777 4049156900
476.6875893331777 4090157000
476.6875893331777 4118157900
476.6875893331777 4145158800
476.6875893331777 4176158000
476.6875893331777 4204157700
476.6875893331777 4263159000
476.6875893331777 4305157200
476.6875893331777 4372158800
476.6875893331777 4430157000
476.6875893331777 4458159100
476.6875893331777 4493157100
476.6875893331777 4529159000
476.6875893331777 4583158600
476.6875893331777 4612157900
463.12219961962535 4648159000
440.2687744855617 4718158000
440.2687744855617 4752157900
440.2687744855617 4795157800
440.2687744855617 4831157400
440.2687744855617 4863192100
440.2687744855617 4907157300
440.2687744855617 4936157100
440.2687744855617 4989159100
440.2687744855617 5051159300
440.2687744855617 5090159600
440.2687744855617 5148158800
440.2687744855617 5193158800
440.2687744855617 5229157200
440.2687744855617 5269159300
440.2687744855617 5307157800
440.2687744855617 5356159000
440.2687744855617 5420157900
440.2687744855617 5464157800
440.2687744855617 5501158900
440.2687744855617 5569157700
440.2687744855617 5612158900
440.2687744855617 5656158100
440.2687744855617 5710158400
440.2687744855617 5765157800
440.2687744855617 5808157100
440.2687744855617 5866299600
440.2687744855617 5923565300
440.2687744855617 5963565200
440.2687744855617 6015566000
440.2687744855617 6057562900
440.2687744855617 6113564000
440.2687744855617 6149563900
440.2687744855617 6183563700
440.2687744855617 6221563100
440.2687744855617 6263563300
440.2687744855617 6337564100
440.2687744855617 6391564700
439.1179148692625 6439562900
439.1179148692625 6474563400
439.1179148692625 6511564800
439.1179148692625 6557563300
439.1179148692625 6597562600
439.1179148692625 6626566600
439.1179148692625 6664563200
437.4375540379204 6714564500
437.4375540379204 6754564400
437.4375540379204 6805562700
437.4375540379204 6854562400
437.4375540379204 6906564400
437.4375540379204 6960563400
437.4375540379204 7007564300
431.0368082476614 7035564300
431.0368082476614 7062562500
431.0368082476614 7105563100
431.0368082476614 7146564500
431.0368082476614 7182563300
431.0368082476614 7219105500
431.0368082476614 7282104500
431.0368082476614 7330103700
431.0368082476614 7394103700
431.0368082476614 7446104900
431.0368082476614 7485105500
431.0368082476614 7521106300
431.0368082476614 7567105500
431.0368082476614 7598104000
431.0368082476614 7666106100
431.0368082476614 7708106300
427.33813071529926 7759107100
427.33813071529926 7794103800
427.33813071529926 7842103600
427.33813071529926 7887103700
427.33813071529926 7937105600
427.33813071529926 7976106900
427.33813071529926 8026104300
427.33813071529926 8053138600
427.33813071529926 8081103700
427.33813071529926 8129107000
427.33813071529926 8185103800
427.33813071529926 8224104000
427.33813071529926 8261104200
427.33813071529926 8303106600
427.33813071529926 8358154100
427.33813071529926 8400148800
427.33813071529926 8438148500
427.33813071529926 8493148500
427.33813071529926 8547148300
427.33813071529926 8585148600
427.33813071529926 8631149500
427.33813071529926 8685149300
427.33813071529926 8731150300
424.02890490088436 8767148800
424.02890490088436 8800150300
424.02890490088436 8837148500
424.02890490088436 8879150300
424.02890490088436 8906150400
424.02890490088436 8933152200
424.02890490088436 8969149300
424.02890490088436 9025151500
424.02890490088436 9084149200
424.02890490088436 9128148600
424.02890490088436 9172149300
424.02890490088436 9219420700
424.02890490088436 9292151100
424.02890490088436 9344150300
424.02890490088436 9389151300
424.02890490088436 9432150800
424.02890490088436 9466149200
420.0193317594128 9503664200
420.0193317594128 9533662500
420.0193317594128 9567662200
420.0193317594128 9617666000
420.0193317594128 9656664600
420.0193317594128 9708662600
420.0193317594128 9743663200
420.0193317594128 9774663000
420.0193317594128 9802663000
420.0193317594128 9894665400
420.0193317594128 9935666000
420.0193317594128 9970662200
420.0193317594128 10024662200
420.0193317594128 10061662900
420.0193317594128 10089662900
420.0193317594128 10125662700
420.0193317594128 10152662300
420.0193317594128 10188662000
420.0193317594128 10224662200
420.0193317594128 10260662100
420.0193317594128 10296663700
420.0193317594128 10365662900
420.0193317594128 10416662500
420.0193317594128 10458665600
420.0193317594128 10515662400
420.0193317594128 10555665000
420.0193317594128 10610663000
420.0193317594128 10644666600
420.0193317594128 10679662200
420.0193317594128 10716662900
420.0193317594128 10770662900
420.0193317594128 10806662700
420.0193317594128 10847663900
420.0193317594128 10900664200
420.0193317594128 10939662600
420.0193317594128 10985662000
420.0193317594128 11015662900
420.0193317594128 11053662300
420.0193317594128 11104662700
420.0193317594128 11149662200
420.0193317594128 11215664700
420.0193317594128 11268665500
420.0193317594128 11296665500
420.0193317594128 11326664700
420.0193317594128 11374663100
420.0193317594128 11430662800
420.0193317594128 11470662900
420.0193317594128 11521662900
420.0193317594128 11568663800
420.0193317594128 11602664100
420.0193317594128 11648662600
420.0193317594128 11681662300
420.0193317594128 11709662500
420.0193317594128 11745664100
420.0193317594128 11791662900
420.0193317594128 11831662300
420.0193317594128 11877664100
420.0193317594128 11904663900
420.0193317594128 11931665500
420.0193317594128 11997662200
420.0193317594128 12052665400
420.0193317594128 12091665300
420.0193317594128 12133662300
420.0193317594128 12164662300
420.0193317594128 12208664600
420.0193317594128 12245663300
420.0193317594128 12291662200
420.0193317594128 12318662100
420.0193317594128 12362662100
420.0193317594128 12389664100
420.0193317594128 12476662500
420.0193317594128 12529663900
420.0193317594128 12564663000
420.0193317594128 12591663100
420.0193317594128 12619662800
420.0193317594128 12661662300
420.0193317594128 12689663400
420.0193317594128 12744175700
420.0193317594128 12785177000
420.0193317594128 12880691800
420.0193317594128 12942692900
420.0193317594128 12989690800
420.0193317594128 13044226400
420.0193317594128 13120228000
420.0193317594128 13159226700
420.0193317594128 13199226600
420.0193317594128 13236228300
420.0193317594128 13279227800
420.0193317594128 13333228400
420.0193317594128 13377230200
420.0193317594128 13419770500
420.0193317594128 13462770300
420.0193317594128 13501770800
420.0193317594128 13552769700
420.0193317594128 13587770700
420.0193317594128 13615770700
420.0193317594128 13669771600
420.0193317594128 13709769500
420.0193317594128 13749769600
420.0193317594128 13780769500
420.0193317594128 13817771600
420.0193317594128 13859772900
420.0193317594128 13908769500
420.0193317594128 13959769800
420.0193317594128 14000771400
420.0193317594128 14055770900
420.0193317594128 14089769600
420.0193317594128 14116769600
420.0193317594128 14156770500
420.0193317594128 14210769700
420.0193317594128 14239769600
420.0193317594128 14274770400
420.0193317594128 14326770000
420.0193317594128 14361771500
420.0193317594128 14401771300
420.0193317594128 14455770400
420.0193317594128 14500770800
420.0193317594128 14542769600
420.0193317594128 14595772100
420.0193317594128 14638770000
420.0193317594128 14689769500
420.0193317594128 14734769500
420.0193317594128 14766770300
420.0193317594128 14803770200
420.0193317594128 14839771400
420.0193317594128 14872770400
420.0193317594128 14913771800
419.93338872858976 14970770000
419.93338872858976 15027770800
419.93338872858976 15065769700
419.93338872858976 15113772500
419.93338872858976 15155770500
419.93338872858976 15207770600
419.93338872858976 15241769600
419.93338872858976 15286770400
419.93338872858976 15327771600
419.93338872858976 15379773500
419.93338872858976 15430769800
419.93338872858976 15457769600
419.93338872858976 15506771300
419.93338872858976 15563770100
419.93338872858976 15598770200
419.3723875012355 15657771600
419.3723875012355 15692769800
419.3723875012355 15722770000
419.3723875012355 15763771400
419.3723875012355 15822771500
419.3723875012355 15865770700
419.3723875012355 15900771800
419.3723875012355 15965770700
419.3723875012355 16015769700
419.3723875012355 16053769500
419.3723875012355 16093771400
419.2809128860912 16129771500
419.2809128860912 16180769300
419.2809128860912 16230770600
419.2809128860912 16285770800
419.2809128860912 16314772000
419.2809128860912 16354771700
419.2809128860912 16382316100
419.2809128860912 16416314400
419.2809128860912 16453314900
419.2809128860912 16480314900
419.2809128860912 16533315100
419.2809128860912 16562318000
419.2809128860912 16646314800
419.2809128860912 16693315000
419.2809128860912 16724315200
419.2809128860912 16759315100
419.2809128860912 16817315500
419.2809128860912 16856314400
419.2809128860912 16912315500
419.2809128860912 16947316200
419.2809128860912 17002317300
419.2809128860912 17051317700
419.2809128860912 17078343400
419.2809128860912 17107340200
419.2809128860912 17135363200
419.2809128860912 17163363500
419.2809128860912 17191384200
419.2809128860912 17239384100
419.2809128860912 17345384000
419.2809128860912 17399386800
419.2809128860912 17427385900
419.2809128860912 17457384700
419.2809128860912 17485386900
419.2809128860912 17516386100
419.2809128860912 17552388600
419.2809128860912 17594699200
419.2809128860912 17674744300
419.2809128860912 17721437700
419.2809128860912 17778437900
419.2809128860912 17817466300
419.2809128860912 17871466000
419.2809128860912 17909491300
419.2809128860912 17964519300
419.2809128860912 18002519000
419.2809128860912 18044521200
419.2809128860912 18073519100
419.2809128860912 18114546300
419.2809128860912 18147546000
419.2809128860912 18184545100
419.2809128860912 18234906800
419.2809128860912 18263544600
419.2809128860912 18339544200
419.2809128860912 18383545000
419.2809128860912 18434981800
419.2809128860912 18478544600
419.2809128860912 18508544100
419.2809128860912 18551546600
419.2809128860912 18593546200
419.2809128860912 18661757400
419.2809128860912 18696739300
419.2809128860912 18742736800
419.2809128860912 18785735900
419.2809128860912 18824736200
419.2809128860912 18859736700
419.2809128860912 18887736800
419.2809128860912 18916736600
419.2809128860912 19020736500
419.2809128860912 19055736100
419.2809128860912 19094735900
419.2809128860912 19122735900
419.2809128860912 19152735800
419.2809128860912 19193735900
419.2809128860912 19233735900
419.2809128860912 19275736800
419.2809128860912 19308737100
419.2809128860912 19356736000
419.2809128860912 19436736800
419.2809128860912 19482736700
419.2809128860912 19515737000
419.2809128860912 19546736700
419.2809128860912 19580748200
419.2809128860912 19619748800
419.2809128860912 19662749000
419.2809128860912 19710748000
419.2809128860912 19754748800
419.2809128860912 19798749800
419.2809128860912 19845764800
419.2809128860912 19915762400
419.2809128860912 19950777800
419.2809128860912 19993788200
419.2809128860912 20041790700
419.2809128860912 20092788100
419.2809128860912 20141789200
419.2809128860912 20178788600
419.2809128860912 20221789200
419.2809128860912 20265787400
419.2809128860912 20314788100
419.2809128860912 20349789100
419.2809128860912 20393787200
419.2809128860912 20437788100
419.2809128860912 20488790200
419.2809128860912 20543789800
419.2809128860912 20573787400
419.2809128860912 20627788000
419.2809128860912 20662788200
419.2809128860912 20709334000
419.2809128860912 20764334500
419.2809128860912 20800335900
419.2809128860912 20829337000
419.2809128860912 20869335900
419.2809128860912 20927335100
419.2809128860912 20973334100
419.2809128860912 21015334800
419.2809128860912 21060335800
419.2809128860912 21103335600
419.2809128860912 21145351200
419.2809128860912 21182351100
419.2809128860912 21226350700
419.2809128860912 21273348200
419.2809128860912 21316348600
419.2809128860912 21363348900
419.2809128860912 21407348700
419.2809128860912 21492350600
419.2809128860912 21544349200
419.2809128860912 21596349600
419.2809128860912 21640353300
419.2809128860912 21692350000
419.2809128860912 21739348800
419.2809128860912 21800350500
419.2809128860912 21849350600
419.2809128860912 21888351700
419.2809128860912 21918349000
419.2809128860912 21945349000
419.2809128860912 21980348300
419.2809128860912 22012348200
419.2809128860912 22072349000
