654.7633526051321 42998900
648.9862020488649 74999400
648.9862020488649 102001600
648.9862020488649 136999200
580.5931653560442 165002900
580.5931653560442 200002500
580.5931653560442 235999200
580.5931653560442 264002600
580.5931653560442 293001300
580.5931653560442 321999900
580.5931653560442 349033200
580.5931653560442 379999200
580.5931653560442 419002500
580.5931653560442 456002700
580.5931653560442 481999200
576.7288638165747 519999100
576.7288638165747 546999100
576.7288638165747 575999500
576.7288638165747 608000000
576.7288638165747 653999100
576.7288638165747 702001500
576.7288638165747 733002300
576.7288638165747 767041100
576.7288638165747 794043500
576.7288638165747 822041200
576.7288638165747 849044100
576.7288638165747 893043700
576.7288638165747 926040500
576.7288638165747 966041200
576.7288638165747 993044500
576.7288638165747 1022120600
576.7288638165747 1049086400
576.7288638165747 1076089900
576.7288638165747 1105122600
576.7288638165747 1135086700
576.7288638165747 1164086300
563.932812197466 1197087700
563.932812197466 1226087200
563.932812197466 1263086700
563.932812197466 1293086400
563.932812197466 1328087900
563.932812197466 1362086400
529.3245280235855 1389088100
529.3245280235855 1419086200
529.3245280235855 1456088300
529.3245280235855 1483086300
529.3245280235855 1521086900
529.3245280235855 1548086700
529.3245280235855 1576086300
529.3245280235855 1604086300
529.3245280235855 1641089600
482.30273952791964 1685087000
482.30273952791964 1726088200
482.30273952791964 1753089000
482.30273952791964 1787086800
482.30273952791964 1815086700
482.30273952791964 1842086300
469.05115884203894 1870088900
469.05115884203894 1897088200
469.05115884203894 1929087300
469.05115884203894 1957124900
469.05115884203894 1989086400
469.05115884203894 2016086400
469.05115884203894 2053086700
469.05115884203894 2086086800
469.05115884203894 2113086100
469.05115884203894 2151086200
469.05115884203894 2191086200
469.05115884203894 2222088200
469.05115884203894 2250086300
469.05115884203894 2276086400
469.05115884203894 2303086300
469.05115884203894 2330086700
469.05115884203894 2362087000
469.05115884203894 2393086500
469.05115884203894 2420087200
469.05115884203894 2447086500
469.05115884203894 2485086400
469.05115884203894 2512086300
469.05115884203894 2544088300
469.05115884203894 2570118900
469.05115884203894 2597089600
469.05115884203894 2628087300
469.05115884203894 2661087100
469.05115884203894 2697121400
469.05115884203894 2724086200
467.0060682235755 2755089600
467.0060682235755 2783089400
467.0060682235755 2815087300
467.0060682235755 2852087400
467.0060682235755 2894086500
467.0060682235755 2928086600
467.0060682235755 2954089300
467.0060682235755 2992086400
467.0060682235755 3034088800
467.0060682235755 3061088800
467.0060682235755 3087089600
467.0060682235755 3118086700
467.0060682235755 3148086300
467.0060682235755 3177086200
467.0060682235755 3204086800
467.0060682235755 3241086500
444.5183672704447 3269118400
444.5183672704447 3299120200
444.5183672704447 3328119500
444.5183672704447 3381086400
444.5183672704447 3408086200
444.5183672704447 3448086400
444.5183672704447 3486086900
444.5183672704447 3514087200
444.5183672704447 3543087300
444.5183672704447 3586089100
444.5183672704447 3619090500
444.5183672704447 3648086700
444.5183672704447 3689087300
444.5183672704447 3722088200
444.5183672704447 3757089400
444.5183672704447 3791092000
444.5183672704447 3831086600
444.5183672704447 3865086700
444.5183672704447 3892086300
444.5183672704447 3923087000
444.5183672704447 3958086700
444.5183672704447 3998086300
444.5183672704447 4044086300
439.03660678805784 4073086400
439.03660678805784 4100086400
439.03660678805784 4127087100
439.03660678805784 4155086600
439.03660678805784 4183088300
439.03660678805784 4218087300
439.03660678805784 4248086400
439.03660678805784 4276088100
439.03660678805784 4303088100
439.03660678805784 4333087100
433.5896731494684 4360090000
433.5896731494684 4386089700
433.5896731494684 4413086400
433.5896731494684 4452086500
433.5896731494684 4478119200
433.5896731494684 4505086400
433.374874781627 4532086600
433.374874781627 4558086300
433.374874781627 4593086500
433.374874781627 4620086400
433.374874781627 4657088900
433.374874781627 4683090300
433.374874781627 4718087000
433.374874781627 4745087400
430.4663494406032 4772086200
430.4663494406032 4808089600
430.4663494406032 4856086200
428.71957467647644 4887090200
428.71957467647644 4914089000
428.71957467647644 4944089100
428.71957467647644 4972089600
428.71957467647644 4999089600
428.71957467647644 5026088800
428.71957467647644 5057086600
428.71957467647644 5084116800
428.71957467647644 5112086600
428.71957467647644 5139089700
428.71957467647644 5165089200
428.71957467647644 5192089600
428.71957467647644 5219089600
428.71957467647644 5249124800
428.71957467647644 5282087100
428.71957467647644 5313086500
428.71957467647644 5340124300
428.71957467647644 5367119400
428.71957467647644 5398086400
428.71957467647644 5450087500
428.71957467647644 5479088200
428.71957467647644 5506086500
428.71957467647644 5533119400
428.71957467647644 5566088800
428.71957467647644 5601087500
428.71957467647644 5636086500
428.71957467647644 5663089600
428.71957467647644 5690086700
428.71957467647644 5716089500
428.71957467647644 5745086400
428.71957467647644 5781086300
428.71957467647644 5837086200
428.71957467647644 5868086300
428.71957467647644 5897086200
428.71957467647644 5929086300
428.71957467647644 5956086200
428.71957467647644 5982086500
428.71957467647644 6009086300
428.71957467647644 6036086200
428.71957467647644 6062086300
428.71957467647644 6089086200
428.71957467647644 6124088700
428.71957467647644 6151087600
428.71957467647644 6198086500
428.71957467647644 6231088200
425.4085638884741 6267089600
425.4085638884741 6294120800
425.4085638884741 6321114100
425.4085638884741 6355089700
425.4085638884741 6388090400
425.4085638884741 6415089700
425.4085638884741 6443089600
425.4085638884741 6470086400
425.4085638884741 6497086400
425.4085638884741 6531086400
425.4085638884741 6558086500
425.4085638884741 6586086300
425.4085638884741 6619086400
425.4085638884741 6648088300
425.4085638884741 6675088300
423.51520146188636 6703087000
423.51520146188636 6730090100
423.51520146188636 6756086500
423.51520146188636 6784087700
423.51520146188636 6832111900
423.51520146188636 6869087300
423.51520146188636 6896090300
423.51520146188636 6930119100
423.51520146188636 6961086500
423.51520146188636 6988090100
423.51520146188636 7019086300
423.51520146188636 7052087100
423.51520146188636 7089113700
423.51520146188636 7120086500
423.51520146188636 7146090500
423.51520146188636 7173089500
423.51520146188636 7201089800
423.51520146188636 7237087400
423.51520146188636 7263086400
423.51520146188636 7299118800
423.51520146188636 7333086300
423.51520146188636 7367119000
423.51520146188636 7395090200
423.51520146188636 7429087200
423.51520146188636 7458086300
423.51520146188636 7485088100
423.51520146188636 7513088300
423.51520146188636 7540089600
423.04103195985397 7567089600
423.04103195985397 7593089400
423.04103195985397 7620120300
423.04103195985397 7658086800
423.04103195985397 7693086300
423.04103195985397 7728087300
423.04103195985397 7754089000
423.04103195985397 7799113200
423.04103195985397 7837119000
423.04103195985397 7864086500
423.04103195985397 7890089200
423.04103195985397 7945089500
423.04103195985397 7979089100
423.04103195985397 8006089800
423.04103195985397 8033086600
423.04103195985397 8060089600
423.04103195985397 8095088700
423.04103195985397 8124089500
423.04103195985397 8151090200
423.04103195985397 8179089800
423.04103195985397 8209086400
423.04103195985397 8241087000
423.04103195985397 8268086800
423.04103195985397 8304086400
423.04103195985397 8331087300
423.04103195985397 8357089100
423.04103195985397 8384089100
423.04103195985397 8413089800
423.04103195985397 8440119400
423.04103195985397 8476089800
423.04103195985397 8516086600
423.04103195985397 8547090000
423.04103195985397 8574089700
423.04103195985397 8602086600
423.04103195985397 8638086500
423.04103195985397 8670086300
423.04103195985397 8707086700
423.04103195985397 8734086200
423.04103195985397 8761086400
423.04103195985397 8794086100
423.04103195985397 8833088100
423.04103195985397 8860087100
423.04103195985397 8893086300
423.04103195985397 8920086300
423.04103195985397 8951086300
421.38935318514314 8984119500
421.38935318514314 9021120800
421.38935318514314 9050117200
421.38935318514314 9077089400
421.38935318514314 9104090100
421.38935318514314 9131090100
421.38935318514314 9157086500
421.38935318514314 9195086500
421.38935318514314 9222086400
421.38935318514314 9251086400
421.38935318514314 9279086500
421.38935318514314 9306088800
421.38935318514314 9333088200
421.38935318514314 9362086200
421.38935318514314 9389086300
421.38935318514314 9416086500
421.38935318514314 9451088700
421.38935318514314 9478086300
421.38935318514314 9520086500
421.38935318514314 9547119800
421.38935318514314 9574089500
421.38935318514314 9602089700
421.38935318514314 9629089700
421.38935318514314 9656090900
421.38935318514314 9692090100
421.38935318514314 9731087300
421.38935318514314 9779087500
421.38935318514314 9811086500
421.38935318514314 9838089900
421.38935318514314 9873117000
421.38935318514314 9900089400
421.38935318514314 9934086700
421.38935318514314 9966087300
421.38935318514314 9993090100
421.38935318514314 10020087000
421.38935318514314 10057089700
420.40110504967186 10088089800
420.40110504967186 10115086500
420.40110504967186 10149089500
420.40110504967186 10190086800
420.40110504967186 10223089100
420.40110504967186 10269088900
420.40110504967186 10299086800
420.40110504967186 10325089400
420.40110504967186 10351604900
420.40110504967186 10377602300
420.40110504967186 10408602200
420.40110504967186 10441635300
420.40110504967186 10477602300
420.40110504967186 10504604600
420.40110504967186 10536602200
420.40110504967186 10563634500
420.40110504967186 10594605300
420.40110504967186 10621605500
420.40110504967186 10651602300
420.40110504967186 10678604400
420.40110504967186 10705605100
419.2809128860912 10736603000
419.2809128860912 10766636000
419.2809128860912 10796633800
419.2809128860912 10824637700
419.2809128860912 10853639000
419.2809128860912 10881638200
419.2809128860912 10925602300
419.2809128860912 10956604000
419.2809128860911 10989602200
419.2809128860911 11035602200
419.2809128860911 11080602200
419.2809128860911 11107603700
419.2809128860911 11134602200
419.2809128860911 11160604000
419.2809128860911 11204603000
419.2809128860911 11239602100
419.2809128860911 11266602300
419.2809128860911 11301604100
419.2809128860911 11336628300
419.2809128860911 11363605400
419.2809128860911 11389606100
419.2809128860911 11417602200
419.2809128860911 11449602200
419.2809128860911 11486602200
419.2809128860911 11513605400
419.2809128860911 11556602800
419.2809128860911 11599604400
419.2809128860911 11636605700
419.2809128860911 11663605400
419.2809128860911 11690606100
419.2809128860911 11716605900
419.2809128860911 11753602400
419.2809128860911 11787602300
419.2809128860911 11817628900
419.2809128860911 11850634400
419.2809128860911 11877605100
419.2809128860911 11911602700
419.2809128860911 11937605600
419.2809128860911 11964605300
419.2809128860911 11991606000
419.2809128860911 12018602600
419.2809128860911 12060602100
419.2809128860911 12094602200
419.2809128860911 12132604100
419.2809128860911 12183604100
419.2809128860911 12213602600
419.2809128860911 12240604600
419.2809128860911 12266604000
419.2809128860911 12293602400
419.2809128860911 12333629200
419.2809128860911 12378602200
419.2809128860911 12405602200
419.2809128860911 12432602100
419.2809128860911 12469602200
419.2809128860911 12495602200
419.2809128860911 12527602100
419.2809128860911 12554605800
419.2809128860911 12581602400
419.2809128860911 12617602400
419.2809128860911 12653602600
419.2809128860911 12680602300
419.2809128860911 12706634300
419.2809128860911 12734602300
419.2809128860911 12760602800
419.2809128860911 12799602100
419.2809128860911 12826602200
419.2809128860911 12853604900
419.2809128860911 12880604500
419.2809128860911 12906605700
419.2809128860911 12940636900
419.2809128860911 12968603100
419.2809128860911 13007629300
419.2809128860911 13044602800
419.2809128860911 13077605600
419.2809128860911 13106606600
419.2809128860911 13141602500
419.2809128860911 13167605400
419.2809128860911 13208602300
419.2809128860911 13235612600
419.2809128860911 13262647200
419.2809128860911 13300647000
419.2809128860911 13336646200
419.2809128860911 13363681200
419.2809128860911 13394647400
419.2809128860911 13433649100
419.2809128860911 13474647100
419.2809128860911 13501646400
419.2809128860911 13528648500
419.2809128860911 13559646100
419.2809128860911 13605646200
419.2809128860911 13650646400
419.2809128860911 13684646200
419.2809128860911 13711648100
419.2809128860911 13738647200
419.2809128860911 13778646900
419.2809128860911 13805649600
419.2809128860911 13832646800
419.2809128860911 13859649400
419.2809128860911 13886650100
419.2809128860911 13913650000
419.2809128860911 13939649300
419.2809128860911 13966649700
419.2809128860911 13993649500
419.2809128860911 14020650000
418.2660606195276 14062646300
418.2660606195276 14102646300
418.2660606195276 14128646300
418.2660606195276 14155647000
418.2660606195276 14181646200
418.2660606195276 14213647300
418.2660606195276 14268646400
418.2660606195276 14302646300
418.2660606195276 14329646100
418.2660606195276 14356647900
418.2660606195276 14383649500
418.2660606195276 14410646200
418.2660606195276 14444646000
418.2660606195276 14471648500
418.2660606195276 14497646600
418.2660606195276 14526646900
418.2660606195276 14564683900
418.2660606195276 14591646300
418.2660606195276 14618646500
418.2660606195276 14644648000
418.2660606195276 14672646700
418.2660606195276 14699648700
418.2660606195276 14726648800
418.2660606195276 14752649300
418.2660606195276 14782679300
418.2660606195276 14822647000
418.2660606195276 14849646100
418.2660606195276 14880646300
418.2660606195276 14907648200
418.2660606195276 14944648100
418.2660606195276 14976646300
418.2660606195276 15003679700
418.2660606195276 15034646300
418.2660606195276 15067646200
418.2660606195276 15093647400
418.2660606195276 15131646100
418.2660606195276 15158646800
418.2660606195276 15185646200
418.2660606195276 15212646400
418.2660606195276 15264646100
418.2660606195276 15299647400
418.2660606195276 15333646400
418.2660606195276 15364646500
418.2660606195276 15391646200
418.2660606195276 15427646700
418.2660606195276 15453646600
418.2660606195276 15481646300
418.2660606195276 15508646000
418.2660606195276 15534646200
418.2660606195276 15565647900
418.2660606195276 15599646800
418.2660606195276 15626648600
418.2660606195276 15659678400
418.2660606195276 15694650100
