611.559870566641 94999800
611.559870566641 103035500
611.559870566641 112035700
611.559870566641 119001800
611.559870566641 126034400
611.559870566641 133038000
611.559870566641 140034000
611.559870566641 146999500
611.559870566641 155001600
611.559870566641 162000900
611.559870566641 170002200
611.559870566641 177035000
611.559870566641 185000200
611.559870566641 192000300
611.559870566641 198999000
606.9344361948857 206999300
606.9344361948857 213998900
606.9344361948857 221998000
606.9344361948857 228999900
606.9344361948857 236997400
606.9344361948857 243999100
606.9344361948857 251997900
606.9344361948857 258999100
606.9344361948857 265999000
606.9344361948857 274001200
606.9344361948857 280999000
606.9344361948857 288000200
606.9344361948857 294998700
606.9344361948857 302999200
606.5207741733457 309999000
601.4005198218663 318000700
601.4005198218663 324998700
601.4005198218663 331997700
601.4005198218663 338997600
601.4005198218663 346997900
578.2287913127641 353999200
543.3831058462949 362005000
543.3831058462949 368998200
540.5790859853378 376998700
540.5790859853378 383998300
540.5790859853378 391999800
540.5790859853378 398999600
540.5790859853378 405998600
540.5790859853378 412998700
540.5790859853378 419999000
540.5790859853378 426999400
540.5790859853378 434999000
540.5790859853378 442000900
540.5790859853378 448999100
540.5790859853378 456002300
540.5790859853378 464000500
540.5790859853378 471998300
540.5790859853378 492999500
540.5790859853378 505000100
536.2239902437768 512999400
536.2239902437768 521998900
536.2239902437768 529998300
536.2239902437768 536998800
536.2239902437768 544999600
536.2239902437768 551999200
536.2239902437768 559998900
536.2239902437768 566998400
519.9353149429952 574998800
519.9353149429952 582002800
519.9353149429952 590998600
519.9353149429952 598003800
519.9353149429952 606003500
519.9353149429952 612999600
519.9353149429952 620997800
519.9353149429952 627999100
519.9353149429952 635997400
519.9353149429952 643003000
516.5701155255668 650998600
516.5701155255668 658000600
516.5701155255668 665999600
485.6086551479538 673999300
485.6086551479538 681999300
485.6086551479538 689998400
485.6086551479538 698002500
485.6086551479538 704999200
485.6086551479538 712001100
485.6086551479538 719999100
485.6086551479538 728000100
485.6086551479538 735000100
485.6086551479538 741998900
485.6086551479538 748999600
485.6086551479538 757001100
485.6086551479538 764001000
485.6086551479538 772001000
485.6086551479538 779999200
485.6086551479538 788000700
485.6086551479538 796000700
485.6086551479538 803000600
485.6086551479538 809999100
485.6086551479538 818000200
485.6086551479538 824999200
485.6086551479538 832999600
485.6086551479538 839999400
485.6086551479538 846999000
482.05214971271255 854999100
482.05214971271255 861999700
482.05214971271255 868999800
467.14018996396135 878000300
467.14018996396135 885997500
467.14018996396135 892999200
467.14018996396135 899998900
467.14018996396135 907998900
467.14018996396135 914999100
467.14018996396135 922999200
467.14018996396135 929999000
442.4607153807135 937997400
442.4607153807135 944998300
442.4607153807135 950998800
442.4607153807135 958999000
442.4607153807135 965998200
442.4607153807135 972998100
442.4607153807135 980997900
442.4607153807135 987998600
442.4607153807135 994999500
442.4607153807135 1003000600
442.4607153807135 1010999000
442.4607153807135 1017999100
442.4607153807135 1025999100
442.4607153807135 1033999200
442.4607153807135 1041999800
442.4607153807135 1050000300
442.4607153807135 1056999200
442.4607153807135 1064999400
442.4607153807135 1071998800
442.4607153807135 1079999100
442.4607153807135 1087000000
442.4607153807135 1094999600
442.4607153807135 1101998800
442.4607153807135 1109999200
442.4607153807135 1116999200
442.4607153807135 1123998900
442.4607153807135 1131999500
434.020873233206 1138998800
434.020873233206 1145998600
434.020873233206 1153001200
434.020873233206 1160998900
434.020873233206 1168999500
434.020873233206 1176999600
434.020873233206 1184001100
434.020873233206 1191999600
434.020873233206 1198999200
434.020873233206 1206999200
434.020873233206 1214998500
434.020873233206 1221999100
434.020873233206 1230000300
434.020873233206 1237005800
434.020873233206 1245999600
434.020873233206 1258999800
434.020873233206 1279000000
434.020873233206 1289001800
434.020873233206 1296000000
434.020873233206 1303998600
434.020873233206 1310998900
434.020873233206 1318998700
434.020873233206 1325998900
434.020873233206 1332998800
434.020873233206 1339999100
434.020873233206 1347999100
434.020873233206 1354999200
434.020873233206 1363000400
434.020873233206 1369998700
434.020873233206 1376999000
434.020873233206 1384999000
434.020873233206 1393000800
434.020873233206 1399999100
434.020873233206 1407999000
434.020873233206 1414999100
434.020873233206 1422999400
434.020873233206 1429999000
434.020873233206 1436997400
434.020873233206 1444998900
434.020873233206 1451998800
434.020873233206 1459997400
434.020873233206 1466999700
434.020873233206 1474998900
434.020873233206 1481999200
434.020873233206 1489998800
434.020873233206 1496998200
434.020873233206 1504998500
434.020873233206 1511998100
434.020873233206 1519999100
434.020873233206 1526999600
434.020873233206 1535001500
434.020873233206 1541999200
434.020873233206 1550001300
432.393509982916 1556998900
432.393509982916 1564000800
432.393509982916 1571999200
432.393509982916 1579000900
432.393509982916 1586999100
432.393509982916 1593999400
432.393509982916 1601998800
432.393509982916 1610001900
432.393509982916 1616999100
432.393509982916 1625000000
432.393509982916 1631999100
432.393509982916 1639999300
432.393509982916 1648000100
432.393509982916 1655998400
432.393509982916 1664000900
432.393509982916 1671001200
432.393509982916 1679000300
432.393509982916 1685998600
432.393509982916 1693999400
432.393509982916 1700999200
432.393509982916 1707999100
432.393509982916 1716001600
432.393509982916 1723030600
432.393509982916 1730030500
432.393509982916 1737998800
432.393509982916 1745032000
432.393509982916 1752998700
432.393509982916 1759997300
432.393509982916 1768032400
432.393509982916 1776043900
432.393509982916 1783033900
432.393509982916 1790000500
432.393509982916 1797999800
432.393509982916 1805005300
432.393509982916 1813000100
432.393509982916 1820001700
432.393509982916 1827033100
432.393509982916 1835001600
432.393509982916 1842030700
432.393509982916 1850037400
432.393509982916 1858037100
432.393509982916 1866002400
432.393509982916 1874000200
432.393509982916 1880999000
432.393509982916 1888999000
432.393509982916 1896001200
432.393509982916 1902999000
432.393509982916 1910999000
432.393509982916 1917999100
432.393509982916 1926001400
432.393509982916 1934001500
432.393509982916 1941999900
432.393509982916 1948998900
432.393509982916 1956001400
432.393509982916 1963999700
432.393509982916 1972002700
432.393509982916 1979001000
432.393509982916 1986999200
432.393509982916 1993999600
432.393509982916 2001999700
432.393509982916 2009999900
432.393509982916 2019001200
432.393509982916 2026999600
432.393509982916 2034999000
432.393509982916 2042000900
432.393509982916 2049999000
432.393509982916 2057999100
432.393509982916 2065000000
432.393509982916 2071999100
432.393509982916 2079999300
432.393509982916 2086999200
432.393509982916 2095002300
432.393509982916 2102000300
432.393509982916 2110001100
432.393509982916 2116999000
432.393509982916 2124999400
432.393509982916 2131999100
432.393509982916 2139999400
432.393509982916 2146999000
432.393509982916 2153998400
432.393509982916 2161998800
430.9610542767135 2168999200
430.9610542767135 2177001400
430.9610542767135 2184000700
430.9610542767135 2191000200
430.9610542767135 2199001100
430.9610542767135 2206997600
430.9610542767135 2213999700
430.9610542767135 2222001500
423.56578391533674 2229009700
423.56578391533674 2236999100
423.56578391533674 2244999000
423.56578391533674 2251999100
423.56578391533674 2259999800
423.56578391533674 2267999000
423.56578391533674 2275999000
423.56578391533674 2283000400
423.56578391533674 2290999200
423.56578391533674 2297999200
423.56578391533674 2305999300
423.56578391533674 2312999900
423.56578391533674 2320000100
423.56578391533674 2327999000
423.56578391533674 2335999200
423.56578391533674 2344018700
423.56578391533674 2351042900
423.56578391533674 2359043000
423.56578391533674 2366042700
423.56578391533674 2373042500
423.56578391533674 2381042700
423.56578391533674 2388041000
423.56578391533674 2397046200
423.56578391533674 2405042700
423.56578391533674 2413043800
423.56578391533674 2420042900
423.56578391533674 2428042700
423.56578391533674 2435044300
423.56578391533674 2442043600
423.56578391533674 2450044100
423.56578391533674 2457042400
423.56578391533674 2465045000
423.56578391533674 2472042900
423.56578391533674 2480042700
423.56578391533674 2487043000
423.56578391533674 2495041000
423.56578391533674 2502042700
423.56578391533674 2510042800
423.56578391533674 2517042800
423.56578391533674 2525041700
423.56578391533674 2532041900
423.56578391533674 2539042000
423.56578391533674 2547042900
423.56578391533674 2554041800
423.56578391533674 2561042000
423.56578391533674 2569041900
423.56578391533674 2576044300
423.56578391533674 2584043700
423.56578391533674 2591043700
423.56578391533674 2599041300
423.56578391533674 2607042600
423.56578391533674 2614042700
417.7537001140997 2622045100
417.7537001140997 2629042800
417.7537001140997 2636042800
417.7537001140997 2644040800
417.7537001140997 2651042500
417.7537001140997 2659043600
417.7537001140997 2666043700
417.7537001140997 2674041100
417.7537001140997 2681043200
417.7537001140997 2688044200
417.7537001140997 2696045500
417.7537001140997 2703044000
417.7537001140997 2711043000
417.7537001140997 2718044500
417.7537001140997 2725042700
417.7537001140997 2733045200
417.7537001140997 2740042700
417.7537001140997 2748046600
417.7537001140997 2756045500
417.7537001140997 2764042600
417.7537001140997 2772043400
417.7537001140997 2780042100
417.7537001140997 2788078400
417.7537001140997 2795045400
417.7537001140997 2802042600
417.7537001140997 2810042800
417.7537001140997 2818042600
417.7537001140997 2825042500
417.7537001140997 2832043000
417.7537001140997 2839042700
417.7537001140997 2847043000
417.7537001140997 2855042900
417.7537001140997 2862041000
417.7537001140997 2870042000
417.7537001140997 2877040900
417.7537001140997 2885042000
417.7537001140997 2892042800
417.7537001140997 2899041000
417.7537001140997 2907040800
417.7537001140997 2914042400
417.7537001140997 2922041800
417.7537001140997 2929042000
417.7537001140997 2935042200
417.7537001140997 2943041900
417.7537001140997 2950042300
417.7537001140997 2957043900
417.7537001140997 2965045300
417.7537001140997 2972077100
417.7537001140997 2980078700
417.7537001140997 2987079700
417.7537001140997 2994045900
417.7537001140997 3002076100
417.7537001140997 3009077700
417.7537001140997 3017070400
417.7537001140997 3024076000
417.7537001140997 3032043300
417.7537001140997 3039043700
417.7537001140997 3046042100
417.7537001140997 3054042600
417.7537001140997 3061044700
417.7537001140997 3068077000
417.7537001140997 3075045400
417.7537001140997 3083045800
417.7537001140997 3090076300
417.7537001140997 3098045800
417.7537001140997 3106042800
417.7537001140997 3114045300
417.7537001140997 3121043400
417.7537001140997 3128043400
417.7537001140997 3136042900
417.7537001140997 3144047700
417.7537001140997 3163043500
417.7537001140997 3177044300
417.7537001140997 3185043700
417.7537001140997 3194043200
417.7537001140997 3202042200
417.7537001140997 3209042400
417.7537001140997 3217043100
417.7537001140997 3225042500
417.7537001140997 3233042400
417.7537001140997 3240042500
417.7537001140997 3247043100
417.7537001140997 3255043500
417.7537001140997 3262042800
417.7537001140997 3270043500
417.7537001140997 3278042700
417.7537001140997 3286043100
417.7537001140997 3293043300
417.7537001140997 3300042700
417.7537001140997 3308044100
417.7537001140997 3315042600
417.7537001140997 3323044500
417.7537001140997 3330042600
417.7537001140997 3338042600
417.7537001140997 3345042700
417.7537001140997 3352042700
417.7537001140997 3360043100
417.7537001140997 3367043200
417.7537001140997 3374043000
417.7537001140997 3382042800
417.7537001140997 3389042800
417.7537001140997 3397042300
417.7537001140997 3404046100
417.7537001140997 3411042900
417.7537001140997 3419042800
417.7537001140997 3427043500
417.7537001140997 3434043500
417.7537001140997 3442042600
417.7537001140997 3449042900
417.7537001140997 3457042700
417.7537001140997 3464042800
417.7537001140997 3472042600
417.7537001140997 3479042400
417.7537001140997 3487042900
417.7537001140997 3494042600
417.7537001140997 3501042600
417.7537001140997 3509044500
417.7537001140997 3516042300
417.7537001140997 3524043800
417.7537001140997 3530042900
417.7537001140997 3538045100
417.7537001140997 3546041200
417.7537001140997 3553043300
417.7537001140997 3561041000
417.7537001140997 3568041100
417.7537001140997 3576041700
417.7537001140997 3583040900
417.7537001140997 3590042300
417.7537001140997 3598041000
417.7537001140997 3606041000
417.7537001140997 3614044200
417.7537001140997 3621041800
417.7537001140997 3629042400
417.7537001140997 3637041900
417.7537001140997 3645041800
417.7537001140997 3652041800
417.7537001140997 3660041800
417.7537001140997 3667041800
417.7537001140997 3675043300
417.7537001140997 3683043700
417.7537001140997 3691043000
417.7537001140997 3699041600
417.7537001140997 3706062400
417.7537001140997 3714052800
417.7537001140997 3722052600
417.7537001140997 3729052800
417.7537001140997 3737055600
417.7537001140997 3744057700
417.7537001140997 3752051200
417.7537001140997 3760055800
417.7537001140997 3767054300
417.7537001140997 3775055300
417.7537001140997 3783053100
417.7537001140997 3791053600
417.7537001140997 3799054800
417.7537001140997 3807057500
417.7537001140997 3815052100
417.7537001140997 3823054800
417.7537001140997 3831053000
417.7537001140997 3839052700
417.7537001140997 3847054200
417.7537001140997 3855054000
417.7537001140997 3862052700
417.7537001140997 3870053100
417.7537001140997 3878053000
417.7537001140997 3886052400
417.7537001140997 3894053900
417.7537001140997 3902052500
417.7537001140997 3910052400
