607.8233328395818 28999500
579.5206060274642 56999500
579.5206060274642 82999600
579.5206060274642 108999500
579.5206060274642 135999700
579.5206060274642 161999400
579.5206060274642 191999900
579.5206060274642 217999600
579.5206060274642 254999400
579.5206060274642 281999600
579.5206060274642 307999600
579.5206060274642 333999600
579.5206060274642 359999500
579.5206060274642 385999500
579.5206060274642 412002300
579.5206060274642 438001400
579.5206060274642 463999600
579.5206060274642 490002600
579.5206060274642 516002700
579.5206060274642 544003400
579.5206060274642 570003200
579.5206060274642 596999700
579.5206060274642 626002900
548.6093004933969 653002900
548.6093004933969 680002700
518.4103058545494 707999900
518.4103058545494 738000300
518.4103058545494 765002800
518.4103058545494 791999800
518.4103058545494 817999600
518.4103058545494 848999900
518.4103058545494 876002300
518.4103058545494 902002300
518.4103058545494 928002900
518.4103058545494 954002900
518.4103058545494 980002800
518.4103058545494 1006002800
518.4103058545494 1032002700
518.4103058545494 1058000300
518.4103058545494 1083999700
518.4103058545494 1111002800
518.4103058545494 1139003100
518.4103058545494 1173000000
518.4103058545494 1200999800
518.4103058545494 1227999900
518.4103058545494 1253999500
518.4103058545494 1280999500
518.4103058545494 1307999600
518.4103058545494 1335999900
518.4103058545494 1362027700
518.4103058545494 1388999500
518.4103058545494 1422001500
518.4103058545494 1457999600
518.4103058545494 1484999700
518.4103058545494 1510999500
518.4103058545494 1537999700
518.4103058545494 1563999500
518.4103058545494 1591999600
518.4103058545494 1618001500
517.3554205922195 1646003000
517.3554205922195 1675001700
517.3554205922195 1701999600
517.3554205922195 1735999600
474.98996602225174 1763001400
474.98996602225174 1798001800
474.98996602225174 1824999900
474.98996602225174 1851000700
462.51742650342567 1878005600
462.51742650342567 1905002100
462.51742650342567 1932001700
462.51742650342567 1958002800
462.51742650342567 1984003000
462.51742650342567 2010003000
462.51742650342567 2036999700
462.51742650342567 2062999700
462.51742650342567 2088999500
462.51742650342567 2115002100
462.51742650342567 2142002600
462.51742650342567 2168002700
462.51742650342567 2194003000
462.51742650342567 2221003500
462.51742650342567 2246999600
462.51742650342567 2272999700
462.51742650342567 2298999600
462.51742650342567 2335036700
462.51742650342567 2362998600
462.51742650342567 2389031500
462.51742650342567 2414999500
462.51742650342567 2440999400
462.51742650342567 2466999500
462.51742650342567 2493002800
462.51742650342567 2520000300
462.51742650342567 2545999700
462.51742650342567 2579002700
462.51742650342567 2608004300
462.51742650342567 2637031900
462.51742650342567 2665999800
457.3029346145843 2695003500
457.3029346145843 2724000000
457.3029346145843 2753000600
457.3029346145843 2784003800
457.3029346145843 2816001800
457.3029346145843 2846001300
457.3029346145843 2874999700
457.3029346145843 2904003300
442.6508152364778 2931003900
442.6508152364778 2965002700
442.6508152364778 2993027700
442.6508152364778 3028003200
442.6508152364778 3054031800
442.6508152364778 3080999700
442.6508152364778 3112030000
442.6508152364778 3138999300
442.6508152364778 3164999500
442.6508152364778 3190999500
442.6508152364778 3220018200
442.6508152364778 3247000000
442.6508152364778 3272999400
442.6508152364778 3299001400
442.6508152364778 3325001500
442.6508152364778 3352999600
442.6508152364778 3378999400
442.6508152364778 3404999500
442.6508152364778 3430999300
442.6508152364778 3456999400
442.6508152364778 3482999500
442.6508152364778 3509999700
442.6508152364778 3536001800
441.10773136091694 3561999500
441.10773136091694 3587999500
441.10773136091694 3613999600
441.10773136091694 3640999700
433.1300894481982 3666999600
433.1300894481982 3693001200
433.1300894481982 3718999500
433.1300894481982 3744999500
433.1300894481982 3770999400
433.1300894481982 3797999600
433.1300894481982 3823999700
433.1300894481982 3850999800
433.1300894481982 3896001400
433.1300894481982 3930999500
433.1300894481982 3957999600
433.1300894481982 3984001400
433.1300894481982 4010001400
433.1300894481982 4040000200
433.1300894481982 4078999700
433.1300894481982 4118999000
433.1300894481982 4150000600
433.1300894481982 4186000400
433.1300894481982 4215002900
433.1300894481982 4255001400
433.1300894481982 4284003500
433.1300894481982 4310999800
428.10082660528 4345999500
428.10082660528 4371999700
428.10082660528 4397999600
428.10082660528 4423999600
428.10082660528 4450002300
428.10082660528 4477999700
428.10082660528 4509999900
428.10082660528 4548000100
428.10082660528 4595002600
428.10082660528 4624002300
428.10082660528 4651000300
428.10082660528 4677003000
428.10082660528 4703025600
428.10082660528 4729000300
428.10082660528 4755003300
428.10082660528 4780999800
428.10082660528 4807003000
428.10082660528 4832999600
428.10082660528 4858999500
428.10082660528 4884999500
428.10082660528 4910999400
428.10082660528 4936999500
428.10082660528 4964000200
428.10082660528 4991000300
428.10082660528 5018000500
428.10082660528 5048001000
428.10082660528 5074999400
428.10082660528 5101002200
428.10082660528 5128002700
428.10082660528 5153999800
428.10082660528 5180000000
428.10082660528 5206002300
428.10082660528 5239001700
428.10082660528 5273999200
428.10082660528 5306001900
428.10082660528 5338999600
428.10082660528 5370999000
428.10082660528 5398001600
428.10082660528 5423999600
428.10082660528 5451042700
424.24344852002173 5477042800
424.24344852002173 5503043000
424.24344852002173 5529042900
424.24344852002173 5561042900
424.24344852002173 5587042800
423.72450264047814 5613044900
423.72450264047814 5639044400
423.72450264047814 5668084200
423.72450264047814 5695043000
423.72450264047814 5726043100
423.72450264047814 5764042200
423.72450264047814 5795043900
423.72450264047814 5827042700
423.72450264047814 5861045000
423.72450264047814 5890043300
423.72450264047814 5917044100
423.72450264047814 5943042700
423.72450264047814 5971043400
423.72450264047814 5997042800
423.72450264047814 6026045000
423.72450264047814 6052044300
423.72450264047814 6079046300
423.72450264047814 6105046700
423.72450264047814 6131042800
423.72450264047814 6157071400
423.72450264047814 6184079000
423.72450264047814 6210042800
423.72450264047814 6236045500
423.72450264047814 6262045700
423.72450264047814 6288046200
423.72450264047814 6314042800
423.72450264047814 6341046400
423.72450264047814 6367046200
423.72450264047814 6393046200
423.72450264047814 6419042900
423.72450264047814 6453043900
423.72450264047814 6489044400
423.72450264047814 6522045400
423.72450264047814 6556044700
423.72450264047814 6587045400
423.72450264047814 6617043300
423.72450264047814 6644042700
423.72450264047814 6670042600
423.72450264047814 6696042600
423.72450264047814 6722045400
423.72450264047814 6748045600
423.72450264047814 6774046000
423.72450264047814 6800042700
423.72450264047814 6827042800
423.72450264047814 6853045800
423.72450264047814 6879045800
423.72450264047814 6905046200
423.72450264047814 6931046300
423.72450264047814 6957046300
423.72450264047814 6983046200
423.72450264047814 7009042900
423.72450264047814 7035042800
423.72450264047814 7072043400
423.72450264047814 7107077500
423.72450264047814 7134046100
423.72450264047814 7160042700
423.72450264047814 7186045800
423.72450264047814 7213046500
423.72450264047814 7240042800
423.72450264047814 7266042600
423.72450264047814 7292042600
423.72450264047814 7319042600
423.72450264047814 7353044800
423.72450264047814 7379044800
423.72450264047814 7404045800
423.72450264047814 7430045600
423.72450264047814 7468042900
423.72450264047814 7500042900
423.72450264047814 7532044300
423.72450264047814 7565043800
423.72450264047814 7593044900
423.72450264047814 7620046300
423.72450264047814 7646046100
423.72450264047814 7673046200
423.72450264047814 7699046100
423.72450264047814 7725042800
423.72450264047814 7751042700
423.72450264047814 7777042600
423.72450264047814 7803045800
423.72450264047814 7829042500
423.72450264047814 7856042900
423.72450264047814 7882070100
423.72450264047814 7908043500
423.72450264047814 7942046000
423.72450264047814 7969044000
423.72450264047814 7995042500
423.72450264047814 8021042500
423.72450264047814 8047042600
420.30963043452766 8073042500
419.3723875012353 8099044400
419.3723875012353 8125044900
419.3723875012353 8152046700
419.3723875012353 8178663800
419.3723875012353 8204663900
419.3723875012353 8230660500
419.3723875012353 8256663500
419.3723875012353 8282660500
419.3723875012353 8308660300
419.3723875012353 8335663700
419.3723875012353 8361664000
419.3723875012353 8387663500
419.3723875012353 8413660300
419.3723875012353 8443660400
419.3723875012353 8470660400
419.3723875012353 8496663400
419.3723875012353 8522663300
418.2660606195276 8548663800
418.2660606195276 8574660300
418.2660606195276 8605660800
418.2660606195276 8640660600
418.2660606195276 8674661700
418.2660606195276 8704659700
418.2660606195276 8735660500
418.2660606195276 8766660500
418.2660606195276 8793660300
418.2660606195276 8820661000
418.2660606195276 8846660200
418.2660606195276 8873660100
418.2660606195276 8899662400
418.2660606195276 8925662000
418.2660606195276 8951686500
418.2660606195276 8977689500
418.2660606195276 9003660200
418.2660606195276 9029660200
418.2660606195276 9055660800
418.2660606195276 9081660300
418.2660606195276 9106660300
418.2660606195276 9132660100
418.2660606195276 9158660100
418.2660606195276 9184662100
418.2660606195276 9215660600
418.2660606195276 9240660200
418.2660606195276 9267660300
418.2660606195276 9293660100
418.2660606195276 9320660100
418.2660606195276 9345686400
418.2660606195276 9371686300
418.2660606195276 9397686400
418.2660606195276 9423686300
418.2660606195276 9449687200
418.2660606195276 9475688500
418.2660606195276 9500690200
418.2660606195276 9526663700
418.2660606195276 9552663400
418.2660606195276 9578663400
418.2660606195276 9604663700
418.2660606195276 9630663700
418.2660606195276 9656664100
418.2660606195276 9682663800
418.2660606195276 9708660700
418.2660606195276 9734660300
418.2660606195276 9759662900
418.2660606195276 9801660900
418.2660606195276 9837662100
418.2660606195276 9864660300
418.2660606195276 9890663400
418.2660606195276 9917663900
418.2660606195276 9942663500
418.2660606195276 9979663300
418.2660606195276 10005663300
418.2660606195276 10031663400
418.2660606195276 10057663700
418.2660606195276 10083663400
418.2660606195276 10110663900
418.2660606195276 10136664400
418.2660606195276 10162663300
418.2660606195276 10188663300
418.2660606195276 10214660300
418.2660606195276 10240660800
418.2660606195276 10267663500
418.2660606195276 10293663500
418.2660606195276 10320664100
418.2660606195276 10346663500
418.2660606195276 10372663300
418.2660606195276 10398660400
418.2660606195276 10424663700
418.2660606195276 10450663300
418.2660606195276 10476661000
418.2660606195276 10502660900
418.2660606195276 10528686600
418.2660606195276 10554687300
418.2660606195276 10579687400
418.2660606195276 10613686400
418.2660606195276 10639660200
418.2660606195276 10665660300
418.2660606195276 10691660100
418.2660606195276 10717660400
418.2660606195276 10743660400
418.2660606195276 10769663100
418.2660606195276 10795663600
418.2660606195276 10821663800
418.2660606195276 10847663400
418.2660606195276 10873663400
418.2660606195276 10899715100
418.2660606195276 10925714600
418.2660606195276 10951714700
418.2660606195276 10977714600
418.2660606195276 11003714700
418.2660606195276 11029714700
418.2660606195276 11055714700
418.2660606195276 11081711600
418.2660606195276 11107711600
418.2660606195276 11137712600
418.2660606195276 11163714700
418.2660606195276 11189714700
418.2660606195276 11215711500
418.2660606195276 11251712700
418.2660606195276 11278714600
418.2660606195276 11305711200
418.2660606195276 11331712600
418.2660606195276 11358711700
418.2660606195276 11384714500
418.2660606195276 11410711500
418.2660606195276 11436711500
418.2660606195276 11462711400
418.2660606195276 11489714000
418.2660606195276 11515714000
418.2660606195276 11541715200
418.2660606195276 11567715000
418.2660606195276 11593715100
418.2660606195276 11619711700
418.2660606195276 11645711800
418.2660606195276 11671711500
418.2660606195276 11697738300
418.2660606195276 11723737100
418.2660606195276 11749743000
418.2660606195276 11782714700
418.2660606195276 11808714700
418.2660606195276 11834714900
418.2660606195276 11860714500
418.2660606195276 11886714900
418.2660606195276 11913715200
418.2660606195276 11939715100
418.2660606195276 11965711500
418.2660606195276 11991714400
418.2660606195276 12032718500
418.2660606195276 12065711800
418.2660606195276 12091712000
418.2660606195276 12118711900
418.2660606195276 12156711900
418.2660606195276 12182711500
418.2660606195276 12208711600
418.2660606195276 12243711800
418.2660606195276 12269711700
418.2660606195276 12295711600
418.2660606195276 12321711500
418.2660606195276 12349714000
418.2660606195276 12375711600
418.2660606195276 12401711600
418.2660606195276 12427714400
418.2660606195276 12453713400
418.2660606195276 12479711500
418.2660606195276 12518713000
418.2660606195276 12549711500
418.2660606195276 12576712200
418.2660606195276 12602715400
418.2660606195276 12628714900
418.2660606195276 12660712200
418.2660606195276 12701711800
418.2660606195276 12729715200
418.2660606195276 12756715400
418.2660606195276 12782714500
418.2660606195276 12808714700
418.2660606195276 12834714900
418.2660606195276 12860714600
418.2660606195276 12887715200
418.2660606195276 12913715200
418.2660606195276 12939715200
418.2660606195276 12965711600
418.2660606195276 12992715000
418.2660606195276 13018715500
418.2660606195276 13044715500
418.2660606195276 13070715100
418.2660606195276 13096714900
418.2660606195276 13122714600
418.2660606195276 13148714700
418.2660606195276 13174714900
418.2660606195276 13200711600
418.2660606195276 13228715100
418.2660606195276 13254711800
418.2660606195276 13280714800
418.2660606195276 13306714800
418.2660606195276 13348714700
418.2660606195276 13376737900
418.2660606195276 13402737500
418.2660606195276 13428738400
418.2660606195276 13453737600
418.2660606195276 13479739700
418.2660606195276 13505747200
418.2660606195276 13531740000
418.2660606195276 13571738400
418.2660606195276 13598711500
418.2660606195276 13624758400
418.2660606195276 13650757500
418.2660606195276 13676757800
418.2660606195276 13702757800
418.2660606195276 13728754700
418.2660606195276 13754754600
418.2660606195276 13780789000
418.2660606195276 13806754800
418.2660606195276 13832755300
