648.6364220694985 10000000
648.6364220694985 19000700
648.6364220694985 28000200
648.6364220694985 49002200
602.6393383583277 64002800
602.6393383583277 75000400
602.6393383583277 85999800
602.6393383583277 99001100
602.6393383583277 107001200
602.6393383583277 118001200
602.6393383583277 131999500
602.6393383583277 139999500
602.6393383583277 147000400
602.6393383583277 158000400
537.8288074661918 166000500
537.8288074661918 180000000
537.8288074661918 188001400
537.8288074661918 195001500
537.8288074661918 202998900
537.8288074661918 214998900
537.8288074661918 221999200
537.8288074661918 228999600
537.8288074661918 235999000
537.8288074661918 243999400
537.8288074661918 250999000
537.8288074661918 257999000
536.8474130952234 265999200
536.8474130952234 272999200
536.8474130952234 280001500
536.8474130952234 287000900
536.8474130952234 294000900
536.8474130952234 301000800
536.8474130952234 307998900
536.8474130952234 314999000
536.8474130952234 321999900
518.7209708731241 329001700
518.7209708731241 335998900
518.7209708731241 344006200
518.7209708731241 351001000
518.7209708731241 358999700
518.7209708731241 366001000
518.7209708731241 378999100
518.7209708731241 388999300
518.7209708731241 395998900
518.7209708731241 402998900
518.7209708731241 409999000
518.7209708731241 416999000
518.7209708731241 423999000
518.7209708731241 431999100
518.7209708731241 445999100
518.7209708731241 452999000
518.7209708731241 461998100
518.7209708731241 475999100
518.7209708731241 484000600
518.7209708731241 490999700
518.7209708731241 497999000
518.7209708731241 505999700
518.7209708731241 512999100
518.7209708731241 519999000
518.7209708731241 526999000
518.7209708731241 533999000
518.7209708731241 544999900
518.7209708731241 553001700
518.7209708731241 559999300
518.7209708731241 566999100
516.2513842996634 575038300
516.2513842996634 581999200
516.2513842996634 589999500
516.2513842996634 603999600
516.2513842996634 617999900
516.2513842996634 626000700
516.2513842996634 632999000
516.2513842996634 646999100
516.2513842996634 655000400
516.2513842996634 662000300
516.2513842996634 669000400
516.2513842996634 676001200
516.2513842996634 684999500
516.2513842996634 693000900
516.2513842996634 704001200
516.2513842996634 710999200
516.2513842996634 719001700
516.2513842996634 726002400
512.4158763204182 737999400
512.4158763204182 746000800
510.69777148172864 753034900
468.3153593499781 759999300
468.3153593499781 766999200
468.3153593499781 773999000
468.3153593499781 787031300
468.3153593499781 795004700
468.3153593499781 802032300
468.3153593499781 809001500
468.3153593499781 816001400
468.3153593499781 824000500
468.3153593499781 830999000
468.3153593499781 839003300
468.3153593499781 846002600
468.3153593499781 853002800
468.3153593499781 866008000
468.3153593499781 876047200
468.3153593499781 886999100
468.3153593499781 894999200
468.3153593499781 911999600
468.3153593499781 923999600
468.3153593499781 937000900
468.3153593499781 943999200
468.3153593499781 952001200
468.3153593499781 959002000
452.65135369423024 967001100
452.65135369423024 973999900
452.65135369423024 982000000
452.65135369423024 993999800
452.65135369423024 1001002200
452.65135369423024 1008002300
452.65135369423024 1015002300
452.65135369423024 1022002200
452.65135369423024 1030001600
452.65135369423024 1037001300
452.65135369423024 1044001200
452.65135369423024 1051001200
452.65135369423024 1059000000
452.65135369423024 1066999000
452.65135369423024 1074033200
452.65135369423024 1081001300
452.65135369423024 1088001300
452.65135369423024 1095002200
452.65135369423024 1102002200
452.65135369423024 1110000600
452.65135369423024 1118011200
452.65135369423024 1132001500
452.65135369423024 1141999400
452.65135369423024 1149999000
436.60803310129063 1158000700
436.60803310129063 1172999000
436.60803310129063 1180001500
436.60803310129063 1187034800
436.60803310129063 1194035300
436.60803310129063 1201002600
436.60803310129063 1208002300
436.60803310129063 1217001200
436.60803310129063 1224001500
436.60803310129063 1231002700
436.60803310129063 1238002500
436.60803310129063 1248032600
436.60803310129063 1254998900
436.60803310129063 1263001300
436.60803310129063 1270001400
436.60803310129063 1276999000
436.60803310129063 1283999000
436.60803310129063 1293034400
436.60803310129063 1301000500
436.60803310129063 1313003100
436.60803310129063 1320002300
436.60803310129063 1327002100
436.60803310129063 1334001900
436.60803310129063 1342002400
436.60803310129063 1349003100
436.60803310129063 1359006200
436.60803310129063 1373003000
436.60803310129063 1380001100
436.60803310129063 1390999200
436.60803310129063 1398001300
436.60803310129063 1404999100
436.60803310129063 1411999400
436.60803310129063 1418999200
436.60803310129063 1427041900
436.60803310129063 1434001600
436.60803310129063 1441002000
436.60803310129063 1448002000
436.60803310129063 1455001900
436.60803310129063 1461999200
436.60803310129063 1470001100
436.60803310129063 1476999200
436.60803310129063 1483999200
436.60803310129063 1490999200
436.60803310129063 1498002100
436.60803310129063 1505001900
436.60803310129063 1512001800
436.60803310129063 1519002000
436.60803310129063 1526002100
436.60803310129063 1533001700
436.60803310129063 1539999200
436.60803310129063 1546999100
436.60803310129063 1555001700
436.60803310129063 1562001500
436.60803310129063 1569002400
436.60803310129063 1576002500
436.60803310129063 1583002400
436.60803310129063 1590002500
436.60803310129063 1597002300
436.60803310129063 1604002400
436.60803310129063 1611002800
436.60803310129063 1618002300
436.60803310129063 1624999200
436.60803310129063 1631999100
436.60803310129063 1640002100
436.60803310129063 1647002000
436.60803310129063 1654001400
436.60803310129063 1661001600
436.60803310129063 1667999200
420.0193317594128 1676003500
420.0193317594128 1687999800
420.0193317594128 1695999100
420.0193317594128 1703001900
420.0193317594128 1710001900
420.0193317594128 1717001900
420.0193317594128 1724002000
420.0193317594128 1732002100
420.0193317594128 1739003400
420.0193317594128 1746002000
420.0193317594128 1753002200
420.0193317594128 1760002300
420.0193317594128 1767002200
420.0193317594128 1774002200
420.0193317594128 1782002200
420.0193317594128 1789002500
420.0193317594128 1796002400
420.0193317594128 1803002400
420.0193317594128 1810002300
420.0193317594128 1817002500
420.0193317594128 1824002400
420.0193317594128 1831002500
420.0193317594128 1839000300
420.0193317594128 1850002200
420.0193317594128 1857002400
420.0193317594128 1864002000
420.0193317594128 1872999800
420.0193317594128 1885999800
420.0193317594128 1894999300
420.0193317594128 1901999200
420.0193317594128 1908999100
420.0193317594128 1916999000
420.0193317594128 1923999300
420.0193317594128 1931999300
420.0193317594128 1939001600
420.0193317594128 1945999200
420.0193317594128 1952999200
420.0193317594128 1959999000
420.0193317594128 1966998800
420.0193317594128 1973998900
420.0193317594128 1985001600
420.0193317594128 1992999300
420.0193317594128 1999999300
420.0193317594128 2006999200
420.0193317594128 2013999200
420.0193317594128 2020999200
420.0193317594128 2027998900
420.0193317594128 2034999100
420.0193317594128 2044999800
420.0193317594128 2054031200
420.0193317594128 2061999400
420.0193317594128 2074998900
420.0193317594128 2081999200
420.0193317594128 2089036400
420.0193317594128 2095999100
420.0193317594128 2105000000
420.0193317594128 2116999300
420.0193317594128 2123999200
420.0193317594128 2130999200
420.0193317594128 2143024400
420.0193317594128 2151001600
420.0193317594128 2157999200
420.0193317594128 2166000000
420.0193317594128 2172999000
420.0193317594128 2181000100
420.0193317594128 2188002200
420.0193317594128 2196001300
420.0193317594128 2203001300
420.0193317594128 2210001100
420.0193317594128 2217999400
420.0193317594128 2225999500
420.0193317594128 2232999200
420.0193317594128 2239999200
420.0193317594128 2247002600
420.0193317594128 2254002700
420.0193317594128 2264008900
420.0193317594128 2270999200
420.0193317594128 2283033200
420.0193317594128 2289999200
420.0193317594128 2296999000
420.0193317594128 2303999300
420.0193317594128 2310998900
420.0193317594128 2317998900
420.0193317594128 2325999200
420.0193317594128 2332999200
420.0193317594128 2339999100
420.0193317594128 2346999100
420.0193317594128 2357027600
420.0193317594128 2363998900
420.0193317594128 2376999000
420.0193317594128 2387998900
420.0193317594128 2394999300
420.0193317594128 2407999100
420.0193317594128 2418999000
420.0193317594128 2425999100
420.0193317594128 2434999100
420.0193317594128 2441998900
420.0193317594128 2448998900
420.0193317594128 2455999100
420.0193317594128 2464000200
420.0193317594128 2472001000
420.0193317594128 2479999500
420.0193317594128 2487999400
420.0193317594128 2498999100
420.0193317594128 2505999200
420.0193317594128 2513001000
420.0193317594128 2520001200
420.0193317594128 2527000900
420.0193317594128 2534000900
420.0193317594128 2541001100
420.0193317594128 2548000900
420.0193317594128 2555000800
420.0193317594128 2562000800
420.0193317594128 2569001000
420.0193317594128 2576001900
420.0193317594128 2583002400
420.0193317594128 2590002300
420.0193317594128 2597002200
420.0193317594128 2608032900
420.0193317594128 2614999200
420.0193317594128 2621999200
420.0193317594128 2629999100
420.0193317594128 2637002300
420.0193317594128 2644002400
420.0193317594128 2651002700
420.0193317594128 2658002600
420.0193317594128 2665002300
420.0193317594128 2672002500
420.0193317594128 2679002900
420.0193317594128 2686999300
420.0193317594128 2693999200
420.0193317594128 2701002500
420.0193317594128 2708002200
420.0193317594128 2717026000
420.0193317594128 2723999100
420.0193317594128 2731002500
420.0193317594128 2738002200
420.0193317594128 2746999700
420.0193317594128 2753999200
420.0193317594128 2760999100
420.0193317594128 2767999100
420.0193317594128 2776033400
420.0193317594128 2782999100
420.0193317594128 2789999100
420.0193317594128 2796999000
420.0193317594128 2803998900
420.0193317594128 2810999000
420.0193317594128 2817999000
420.0193317594128 2830026000
420.0193317594128 2838002800
420.0193317594128 2845003500
420.0193317594128 2861000300
420.0193317594128 2873033600
420.0193317594128 2881000300
420.0193317594128 2894010300
420.0193317594128 2904999100
420.0193317594128 2912999300
420.0193317594128 2926000400
420.0193317594128 2935999300
420.0193317594128 2942999100
420.0193317594128 2954999000
420.0193317594128 2968999300
420.0193317594128 2975999000
420.0193317594128 2982999200
420.0193317594128 2989999200
420.0193317594128 2996998900
420.0193317594128 3003998900
420.0193317594128 3010998900
420.0193317594128 3017998900
420.0193317594128 3028032100
420.0193317594128 3034998900
420.0193317594128 3042999000
420.0193317594128 3050999200
420.0193317594128 3058001400
420.0193317594128 3065001200
420.0193317594128 3072001100
420.0193317594128 3079000900
420.0193317594128 3086001400
420.0193317594128 3093000900
420.0193317594128 3100001000
420.0193317594128 3107002300
420.0193317594128 3114002200
420.0193317594128 3122002300
420.0193317594128 3129002500
420.0193317594128 3137002800
420.0193317594128 3144002600
420.0193317594128 3151002900
420.0193317594128 3158002600
420.0193317594128 3165034200
420.0193317594128 3172033300
420.0193317594128 3179033200
420.0193317594128 3192999600
420.0193317594128 3200002400
420.0193317594128 3207002200
420.0193317594128 3218025900
420.0193317594128 3228999800
420.0193317594128 3235999200
420.0193317594128 3243002800
420.0193317594128 3250002800
420.0193317594128 3257002800
420.0193317594128 3265008500
420.0193317594128 3274032700
420.0193317594128 3281032800
420.0193317594128 3289034500
420.0193317594128 3296033300
420.0193317594128 3303032800
420.0193317594128 3317026600
420.0193317594128 3324998900
420.0193317594128 3331999000
420.0193317594128 3338999000
420.0193317594128 3345999000
420.0193317594128 3353999300
420.0193317594128 3360999200
420.0193317594128 3368033100
420.0193317594128 3375037600
420.0193317594128 3382032300
420.0193317594128 3388999100
420.0193317594128 3395999000
420.0193317594128 3408032100
420.0193317594128 3422031200
420.0193317594128 3431999300
420.0193317594128 3438999200
420.0193317594128 3445999100
420.0193317594128 3452999200
420.0193317594128 3459999200
420.0193317594128 3466999200
420.0193317594128 3473999200
420.0193317594128 3480999100
420.0193317594128 3487998900
420.0193317594128 3495001900
420.0193317594128 3502001900
420.0193317594128 3509001900
420.0193317594128 3516001900
420.0193317594128 3523001900
420.0193317594128 3531001900
420.0193317594128 3538002600
420.0193317594128 3545002300
420.0193317594128 3552002200
420.0193317594128 3559002700
420.0193317594128 3566002300
420.0193317594128 3573002700
420.0193317594128 3580002200
420.0193317594128 3588000800
420.0193317594128 3594999100
420.0193317594128 3603004000
420.0193317594128 3610002700
420.0193317594128 3617002600
420.0193317594128 3628000000
420.0193317594128 3636999900
420.0193317594128 3644002400
420.0193317594128 3654002600
420.0193317594128 3668000300
420.0193317594128 3677999800
420.0193317594128 3685000400
420.0193317594128 3692002200
420.0193317594128 3704999700
420.0193317594128 3711999500
420.0193317594128 3718998900
420.0193317594128 3725999000
420.0193317594128 3732998800
420.0193317594128 3739998900
420.0193317594128 3752027700
420.0193317594128 3758999000
420.0193317594128 3766001700
420.0193317594128 3773001700
420.0193317594128 3781002100
420.0193317594128 3788002100
420.0193317594128 3798028600
420.0193317594128 3806037800
420.0193317594128 3812999200
420.0193317594128 3819999000
420.0193317594128 3833031300
420.0193317594128 3841999600
420.0193317594128 3848999300
420.0193317594128 3855999100
420.0193317594128 3862999100
420.0193317594128 3872030900
420.0193317594128 3881999300
420.0193317594128 3896000100
420.0193317594128 3905002100
420.0193317594128 3912001800
420.0193317594128 3919001800
420.0193317594128 3926002700
420.0193317594128 3933001800
420.0193317594128 3940001800
420.0193317594128 3948001900
420.0193317594128 3955001900
420.0193317594128 3962002000
420.0193317594128 3973999400
420.0193317594128 3986001800
420.0193317594128 3993002400
420.0193317594128 4000002300
420.0193317594128 4008002800
420.0193317594128 4015002200
420.0193317594128 4022002600
420.0193317594128 4034031300
420.0193317594128 4040999300
420.0193317594128 4047999200
420.0193317594128 4054999300
