599.8352930303968 28999300
599.8352930303968 58002500
599.8352930303968 84033000
575.8775611861229 109999300
575.8775611861229 135999200
575.8775611861229 161999300
575.8775611861229 188001100
575.8775611861229 215001600
575.8775611861229 240999500
575.8775611861229 266999600
575.8775611861229 292999300
575.8775611861229 320002600
575.8775611861229 345999600
575.8775611861229 372001600
575.8775611861229 398001800
575.8775611861229 424003000
575.8775611861229 450002300
575.8775611861229 476002400
575.8775611861229 502999400
575.8775611861229 528999500
575.8775611861229 554999200
575.8775611861229 582999600
575.8775611861229 610999300
575.8775611861229 639035200
575.8775611861229 666033200
575.8775611861229 693109800
575.8775611861229 721146100
575.8775611861229 747149600
516.5940799355958 773145200
516.5940799355958 800147100
516.5940799355958 826145600
516.5940799355958 853143600
516.5940799355958 880146100
516.5940799355958 906147000
516.5940799355958 932146600
516.5940799355958 959152500
516.5940799355958 985147500
516.5940799355958 1011147300
516.5940799355958 1037147900
516.5940799355958 1063150000
516.5940799355958 1089146900
516.5940799355958 1117116300
516.5940799355958 1145114300
516.5940799355958 1172143100
516.5940799355958 1198145500
516.5940799355958 1224145900
516.5940799355958 1249146400
516.5940799355958 1275152900
516.5940799355958 1301146600
516.5940799355958 1327147900
516.5940799355958 1353147800
465.4453395819718 1381120400
465.4453395819718 1418139500
465.4453395819718 1444139500
465.4453395819718 1470141600
465.4453395819718 1496144300
465.4453395819718 1523148000
465.4453395819718 1548145500
465.4453395819718 1575148200
465.4453395819718 1601116100
465.4453395819718 1628146500
465.4453395819718 1654150300
465.4453395819718 1680146800
465.4453395819718 1706148200
465.4453395819718 1732143200
465.4453395819718 1758148400
465.4453395819718 1784146900
465.4453395819718 1811147000
465.4453395819718 1837148000
465.4453395819718 1863148800
465.4453395819718 1890150800
465.4453395819718 1915143000
465.4453395819718 1942147200
465.4453395819718 1968145500
465.4453395819718 1995113700
465.4453395819718 2021147000
465.4453395819718 2047145500
465.4453395819718 2073307200
465.4453395819718 2099305900
465.4453395819718 2125306700
465.4453395819718 2151302900
465.4453395819718 2177306100
465.4453395819718 2203312400
465.4453395819718 2230307200
465.4453395819718 2256307200
465.4453395819718 2282305300
465.4453395819718 2310272800
465.4453395819718 2338299200
465.4453395819718 2366299500
465.4453395819718 2394275200
465.4453395819718 2422276100
465.4453395819718 2451275700
465.4453395819718 2480273600
465.4453395819718 2510273600
465.4453395819718 2541273700
465.4453395819718 2569273700
465.4453395819718 2596274400
465.4453395819718 2622301200
465.4453395819718 2650304900
465.4453395819718 2676304800
465.4453395819718 2702466900
465.4453395819718 2731463000
465.4453395819718 2757463700
465.4453395819718 2783463400
465.4453395819718 2809463500
465.4453395819718 2835465500
465.4453395819718 2862434100
461.9904884428163 2888466300
461.9904884428163 2915463200
461.9904884428163 2941464000
461.9904884428163 2967464400
461.9904884428163 2993463900
461.9904884428163 3019463100
461.9904884428163 3045469400
461.9904884428163 3070464700
461.9904884428163 3096466500
461.9904884428163 3122463600
454.80941044150325 3149468100
454.80941044150325 3175463400
454.80941044150325 3200464400
454.80941044150325 3226466900
454.80941044150325 3252465500
454.80941044150325 3278464000
454.80941044150325 3304466600
454.80941044150325 3329464400
454.80941044150325 3355464500
453.5428160069658 3381467300
453.5428160069658 3406463500
453.5428160069658 3432629300
453.5428160069658 3459627300
453.5428160069658 3484626800
452.3000073846139 3511627100
452.3000073846139 3538627400
452.3000073846139 3564629100
452.3000073846139 3590595500
452.3000073846139 3616627600
452.3000073846139 3643627500
452.3000073846139 3670595300
452.3000073846139 3696628200
452.3000073846139 3722630800
452.3000073846139 3749631900
452.3000073846139 3775631900
452.3000073846139 3801627400
452.3000073846139 3829595900
447.15201854662047 3856622400
445.13292152423014 3883600600
445.13292152423014 3911627900
445.13292152423014 3938627700
445.13292152423014 3964597000
445.13292152423014 3991627900
445.13292152423014 4017628600
445.13292152423014 4044628500
445.13292152423014 4080595500
445.13292152423014 4107595200
445.13292152423014 4134595300
445.13292152423014 4160595100
439.40692697479807 4187597800
439.40692697479807 4213597800
439.40692697479807 4240595500
439.40692697479807 4268594700
439.40692697479807 4294596100
439.40692697479807 4320627300
439.40692697479807 4346627500
439.40692697479807 4371628200
439.40692697479807 4397631400
439.40692697479807 4423630900
439.40692697479807 4449630300
439.40692697479807 4475630500
439.40692697479807 4501628200
439.40692697479807 4527624400
439.40692697479807 4553627000
439.40692697479807 4579627400
439.40692697479807 4605630400
439.40692697479807 4630632900
439.40692697479807 4656627000
439.40692697479807 4682627500
439.40692697479807 4708627400
436.654597045689 4734628200
433.19028706088125 4760603000
433.19028706088125 4787023100
433.19028706088125 4814315300
433.19028706088125 4841315400
433.19028706088125 4868315400
433.19028706088125 4895315400
433.19028706088125 4922315100
433.19028706088125 4950315500
433.19028706088125 4977317000
433.19028706088125 5004317000
433.19028706088125 5031318100
433.19028706088125 5058318400
433.19028706088125 5085318700
433.19028706088125 5111318200
433.19028706088125 5138318300
433.19028706088125 5165318800
433.19028706088125 5191318100
431.21179441613367 5218315400
431.21179441613367 5244315200
431.21179441613367 5271315400
431.21179441613367 5298318600
431.21179441613367 5324317900
431.21179441613367 5351318100
431.21179441613367 5379318800
431.21179441613367 5409318200
431.21179441613367 5438319500
431.21179441613367 5466318900
431.21179441613367 5493318300
430.4322267327661 5520318300
430.4322267327661 5546318100
430.4322267327661 5573318400
430.4322267327661 5599315200
430.4322267327661 5625315300
430.4322267327661 5652315400
430.4322267327661 5680315600
430.4322267327661 5708345200
430.4322267327661 5735349100
421.4278945363983 5762348300
421.4278945363983 5789348500
421.4278945363983 5815349800
421.4278945363983 5842347000
421.4278945363983 5868349500
421.4278945363983 5894351700
421.4278945363983 5920349400
421.4278945363983 5946348100
421.4278945363983 5972347300
421.4278945363983 5997349100
421.4278945363983 6023348900
421.4278945363983 6050315900
421.4278945363983 6078347800
421.4278945363983 6105348600
421.4278945363983 6132343500
421.4278945363983 6161319100
421.4278945363983 6190318900
421.4278945363983 6217318700
421.4278945363983 6244319000
421.4278945363983 6271352100
421.4278945363983 6301319600
421.4278945363983 6328319100
421.4278945363983 6355319500
421.4278945363983 6382319000
421.4278945363983 6409318700
421.4278945363983 6436319400
421.4278945363983 6463319200
421.4278945363983 6490319300
421.4278945363983 6517318700
421.4278945363983 6545319000
421.4278945363983 6572319900
421.4278945363983 6599315400
421.4278945363983 6626315400
421.4278945363983 6653315000
421.4278945363983 6680315000
421.4278945363983 6708345800
421.4278945363983 6740317700
421.4278945363983 6771346300
421.4278945363983 6798345200
421.4278945363983 6825341500
421.4278945363983 6852357800
421.4278945363983 6878346900
421.4278945363983 6904347000
421.4278945363983 6931349000
421.4278945363983 6958316200
421.4278945363983 6986316300
421.4278945363983 7014315200
421.4278945363983 7042344200
421.4278945363983 7070315300
421.4278945363983 7097353600
421.4278945363983 7123349200
421.4278945363983 7150315200
421.4278945363983 7178350300
421.4278945363983 7204352900
421.4278945363983 7231318300
421.4278945363983 7258318600
421.4278945363983 7284318500
421.4278945363983 7310315100
421.4278945363983 7337315500
421.4278945363983 7363315000
421.4278945363983 7390315200
421.4278945363983 7416315000
421.4278945363983 7443348900
421.4278945363983 7469347400
421.4278945363983 7495341200
421.4278945363983 7522348200
421.4278945363983 7548352600
421.4278945363983 7574347600
421.4278945363983 7601347200
421.4278945363983 7627346600
421.4278945363983 7653347100
421.4278945363983 7678349500
421.4278945363983 7704347800
421.4278945363983 7730347000
421.4278945363983 7756347900
421.4278945363983 7782347200
421.4278945363983 7808346500
421.4278945363983 7834686200
421.4278945363983 7860717100
421.4278945363983 7888688300
421.4278945363983 7915686000
421.4278945363983 7943715000
421.4278945363983 7970720900
421.4278945363983 7998686700
421.4278945363983 8025719800
421.4278945363983 8051724000
421.4278945363983 8080720300
421.4278945363983 8106687200
419.2809128860912 8132717000
419.2809128860912 8159718000
419.2809128860912 8186687200
419.2809128860912 8214687500
419.2809128860912 8242685800
419.2809128860912 8269718100
419.2809128860912 8297716200
419.2809128860912 8324687100
419.2809128860912 8352720400
419.2809128860912 8379716900
419.2809128860912 8406721300
419.2809128860912 8432716800
419.2809128860912 8459717000
419.2809128860912 8485716700
419.2809128860912 8511714100
419.2809128860912 8538720900
419.2809128860912 8564718100
419.2809128860912 8590717500
419.2809128860912 8617721500
419.2809128860912 8643717000
419.2809128860912 8669718400
419.2809128860912 8696716900
419.2809128860912 8722720200
419.2809128860912 8749716500
419.2809128860912 8775717700
419.2809128860912 8801721700
419.2809128860912 8831719400
419.2809128860912 8858719600
419.2809128860912 8884718500
419.2809128860912 8911714200
419.2809128860912 8937716900
419.2809128860912 8964718000
419.2809128860912 8990716800
419.2809128860912 9017685300
419.2809128860912 9043685200
419.2809128860912 9069685200
419.2809128860912 9095685200
419.2809128860912 9121688300
419.2809128860912 9147688200
419.2809128860912 9173685900
419.2809128860912 9199685100
419.2809128860912 9225685200
419.2809128860912 9251685400
419.2809128860912 9280712800
419.2809128860912 9306710400
419.2809128860912 9332688200
419.2809128860912 9358718400
419.2809128860912 9383716800
419.2809128860912 9422686200
419.2809128860912 9450687700
419.2809128860912 9476688700
419.2809128860912 9502688200
419.2809128860912 9528688100
419.2809128860912 9555685400
419.2809128860912 9581685200
419.2809128860912 9607685200
419.2809128860912 9633685300
419.2809128860912 9658684900
419.2809128860912 9684687800
419.2809128860912 9710687800
419.2809128860912 9737688700
419.2809128860912 9763685100
419.2809128860912 9790689000
419.2809128860912 9816687900
419.2809128860912 9842688400
419.2809128860912 9868688400
419.2809128860912 9894688100
419.2809128860912 9920688000
419.2809128860912 9947688900
419.2809128860912 9973688100
419.2809128860912 10000685500
419.2809128860912 10026685200
419.2809128860912 10052687600
419.2809128860912 10079685200
419.2809128860912 10105685400
419.2809128860912 10132687900
419.2809128860912 10158685500
419.2809128860912 10185717700
419.2809128860912 10212708700
419.2809128860911 10239741200
419.2809128860911 10265741700
419.2809128860911 10291745600
419.2809128860911 10322740000
419.2809128860911 10348740200
419.2809128860911 10374740300
419.2809128860911 10400739800
419.2809128860911 10426744100
419.2809128860911 10452742200
419.2809128860911 10478739600
419.2809128860911 10504740100
419.2809128860911 10530743800
419.2809128860911 10556741000
419.2809128860911 10581741700
419.2809128860911 10607740700
419.2809128860911 10633742200
419.2809128860911 10659739500
419.2809128860911 10684740100
419.2809128860911 10710743300
419.2809128860911 10739740400
419.2809128860911 10764739900
419.2809128860911 10790739800
419.2809128860911 10816738000
419.2809128860911 10842739700
419.2809128860911 10868741100
419.2809128860911 10894744600
419.2809128860911 10919745200
419.2809128860911 10945744500
419.2809128860911 10971739800
419.2809128860911 10997739800
419.2809128860911 11023744100
419.2809128860911 11049742700
419.2809128860911 11075740900
419.2809128860911 11100739800
419.2809128860911 11126739700
419.2809128860911 11152737500
419.2809128860911 11178739800
419.2809128860911 11204740700
419.2809128860911 11230733900
419.2809128860911 11256741600
419.2809128860911 11282739900
419.2809128860911 11308740800
419.2809128860911 11334739800
419.2809128860911 11359741100
419.2809128860911 11385744200
419.2809128860911 11411740000
419.2809128860911 11437739700
419.2809128860911 11463737500
419.2809128860911 11489709700
419.2809128860911 11515746700
419.2809128860911 11541742400
419.2809128860911 11567740300
419.2809128860911 11593742500
419.2809128860911 11619739700
419.2809128860911 11644739900
419.2809128860911 11670734000
419.2809128860911 11696745600
419.2809128860911 11722741100
419.2809128860911 11748741800
419.2809128860911 11774740300
419.2809128860911 11800740800
419.2809128860911 11825739600
419.2809128860911 11851740000
419.2809128860911 11877742700
419.2809128860911 11903739400
419.2809128860911 11928741400
419.2809128860911 11954739900
419.2809128860911 11980740200
419.2809128860911 12006735100
419.2809128860911 12034708300
419.2809128860911 12071708000
419.2809128860911 12097742000
419.2809128860911 12123739800
419.2809128860911 12149739600
419.2809128860911 12175741900
419.2809128860911 12201742100
419.2809128860911 12227739800
419.2809128860911 12252741700
419.2809128860911 12278739700
419.2809128860911 12304742600
419.2809128860911 12330744000
419.2809128860911 12356740700
419.2809128860911 12381740700
419.2809128860911 12407738500
419.2809128860911 12433741300
419.2809128860911 12459740200
419.2809128860911 12485743100
419.2809128860911 12511742000
419.2809128860911 12537742200
419.2809128860911 12563740000
419.2809128860911 12588740600
419.2809128860911 12614740100
419.2809128860911 12640740400
419.2809128860911 12666740500
419.2809128860911 12692741600
419.2809128860911 12718740500
419.2809128860911 12743738100
419.2809128860911 12769739700
419.2809128860911 12795740500
419.2809128860911 12821743300
419.2809128860911 12847741000
419.2809128860911 12873743300
419.2809128860911 12899898400
419.2809128860911 12924897800
419.2809128860911 12950897200
419.2809128860911 12976896200
419.2809128860911 13001897800
419.2809128860911 13027898800
419.2809128860911 13053866200
419.2809128860911 13079896500
419.2809128860911 13105898700
419.2809128860911 13130897100
419.2809128860911 13156866900
419.2809128860911 13182864800
419.2809128860911 13208897000
419.2809128860911 13234897700
419.2809128860911 13260898700
419.2809128860911 13286896200
