660.1906953431949 27998900
660.1906953431949 66001200
660.1906953431949 93027300
593.3514043346332 119027400
593.3514043346332 144027100
593.3514043346332 169999300
581.9754797954247 195999400
581.9754797954247 221995900
581.9754797954247 247996200
581.9754797954247 273995800
578.9089506918618 299995800
578.9089506918618 324998500
578.9089506918618 350995500
578.9089506918618 376997600
578.9089506918618 402997500
578.9089506918618 428998800
578.9089506918618 454998900
578.9089506918618 480998800
578.9089506918618 506998700
578.9089506918618 532996100
578.9089506918618 558998700
578.9089506918618 585999700
578.9089506918618 613996400
578.9089506918618 639996100
578.9089506918618 666997900
578.9089506918618 693996000
578.9089506918618 719995500
532.021770328603 745995600
532.021770328603 771999100
527.4832968809919 798997900
527.4832968809919 824998900
527.4832968809919 851999400
527.4832968809919 877999300
527.4832968809919 902998700
527.4832968809919 929999300
527.4832968809919 956999000
527.4832968809919 982998700
527.4832968809919 1008998600
505.1418438935539 1034995500
505.1418438935539 1060995800
505.1418438935539 1086995500
505.1418438935539 1115020700
505.1418438935539 1144004800
505.1418438935539 1173996000
505.1418438935539 1202999300
505.1418438935539 1230998600
505.1418438935539 1259029100
505.1418438935539 1287997600
505.1418438935539 1318999600
505.1418438935539 1348999600
505.1418438935539 1377999600
505.1418438935539 1407996400
505.1418438935539 1433996300
505.1418438935539 1461028100
505.1418438935539 1487027300
499.39596795154023 1513029500
499.39596795154023 1539028100
499.39596795154023 1564029200
499.39596795154023 1590032000
499.39596795154023 1616996000
499.39596795154023 1643032600
499.39596795154023 1669022600
499.39596795154023 1695031200
499.39596795154023 1721000000
499.39596795154023 1747030000
499.39596795154023 1773026100
499.39596795154023 1798029300
499.39596795154023 1824028500
499.39596795154023 1850027600
499.39596795154023 1875184500
499.39596795154023 1901188100
499.39596795154023 1927190900
499.39596795154023 1953185400
499.39596795154023 1979184900
499.39596795154023 2005186100
499.39596795154023 2030190400
499.39596795154023 2056184700
499.39596795154023 2082180400
499.39596795154023 2108185700
499.39596795154023 2134186300
499.39596795154023 2159187300
499.39596795154023 2185186800
499.39596795154023 2211185800
499.39596795154023 2236187900
499.39596795154023 2262184300
499.39596795154023 2288187700
499.39596795154023 2313187500
499.39596795154023 2339156000
499.39596795154023 2365156200
499.39596795154023 2391156200
499.39596795154023 2417153000
499.39596795154023 2443156100
499.39596795154023 2469156200
496.92907594524144 2495156300
488.44832388126855 2521156500
488.44832388126855 2547156000
488.44832388126855 2573153000
488.44832388126855 2599156400
445.5445457717845 2625156300
445.5445457717845 2651156100
445.5445457717845 2677156500
445.5445457717845 2710159900
445.5445457717845 2739153900
445.5445457717845 2765153500
445.5445457717845 2791188800
445.5445457717845 2817184700
445.5445457717845 2843189000
445.5445457717845 2868184800
445.5445457717845 2894185700
445.5445457717845 2922182300
445.5445457717845 2949188400
445.5445457717845 2974186500
445.5445457717845 3000186100
445.5445457717845 3026184600
445.5445457717845 3052186000
445.5445457717845 3077188700
445.5445457717845 3103185300
445.5445457717845 3129186500
445.5445457717845 3155184600
445.5445457717845 3180186200
445.5445457717845 3206185600
445.5445457717845 3231190700
445.5445457717845 3257185200
445.5445457717845 3283185000
445.5445457717845 3308186200
445.5445457717845 3334184700
445.5445457717845 3360186900
445.5445457717845 3385187600
445.5445457717845 3411184600
445.5445457717845 3437185700
445.5445457717845 3462184600
445.5445457717845 3488187100
445.5445457717845 3514185400
441.44902930914395 3540186000
441.44902930914395 3566181900
441.44902930914395 3592189000
441.44902930914395 3618183900
441.44902930914395 3643184500
441.44902930914395 3669165100
441.44902930914395 3695185800
441.44902930914395 3720185900
441.44902930914395 3746185500
441.44902930914395 3772186600
441.44902930914395 3798184400
441.44902930914395 3824187200
441.44902930914395 3849191900
441.44902930914395 3875184800
441.44902930914395 3901184900
441.44902930914395 3927182000
441.44902930914395 3953184700
441.44902930914395 3978184200
441.44902930914395 4008184800
441.44902930914395 4034184700
440.87573278600524 4060185400
440.87573278600524 4085191100
440.87573278600524 4111156000
440.87573278600524 4137189100
440.87573278600524 4163185900
440.87573278600524 4189188000
440.87573278600524 4214191300
440.87573278600524 4240188300
440.87573278600524 4266184600
440.87573278600524 4292185100
440.87573278600524 4318182500
440.87573278600524 4344188200
440.87573278600524 4370184700
440.87573278600524 4396187200
440.87573278600524 4422188200
440.87573278600524 4448187100
440.87573278600524 4473185600
440.87573278600524 4499186700
440.87573278600524 4525185100
436.82759246600176 4550184500
436.82759246600176 4576187100
436.82759246600176 4602152000
435.2177076686239 4627186200
435.2177076686239 4653184500
435.2177076686239 4679185800
435.2177076686239 4704187100
435.2177076686239 4730184500
435.2177076686239 4756185600
435.2177076686239 4782182800
435.2177076686239 4808189500
435.2177076686239 4833184700
435.2177076686239 4859337300
435.2177076686239 4885338700
435.2177076686239 4911309000
435.2177076686239 4937305700
435.2177076686239 4963339300
435.2177076686239 4989339900
435.2177076686239 5015340700
435.2177076686239 5041337500
435.2177076686239 5066341500
435.2177076686239 5092338300
435.2177076686239 5118340000
435.2177076686239 5143337500
435.2177076686239 5169309400
435.2177076686239 5195339900
435.2177076686239 5221337600
435.2177076686239 5247338100
428.4038620000557 5272336400
428.4038620000557 5301339500
428.4038620000557 5327335200
428.4038620000557 5352335400
428.4038620000557 5378340800
426.8340389383593 5404332800
426.8340389383593 5430342500
426.8340389383593 5456337500
426.8340389383593 5481343200
426.8340389383593 5507338600
426.8340389383593 5533340000
426.8340389383593 5558337800
426.8340389383593 5584338000
426.8340389383593 5610340500
426.8340389383593 5636337300
426.8340389383593 5662337700
426.8340389383593 5688337400
426.8340389383593 5713340200
426.8340389383593 5739339600
426.8340389383593 5765337400
426.8340389383593 5791334700
426.8340389383593 5816338900
426.8340389383593 5843309900
426.8340389383593 5869340200
426.8340389383593 5896339700
426.8340389383593 5921339800
426.8340389383593 5947338200
426.8340389383593 5973343200
426.8340389383593 5999335100
426.8340389383593 6025337100
424.98060490543213 6051337700
424.98060490543213 6077340400
424.98060490543213 6103305900
424.98060490543213 6129309300
424.98060490543213 6156309500
424.98060490543213 6182309300
424.98060490543213 6208309100
418.2660606195276 6234309500
418.2660606195276 6260309600
418.2660606195276 6286309000
418.2660606195276 6312309200
418.2660606195276 6338306100
418.2660606195276 6364305700
418.2660606195276 6390306200
418.2660606195276 6416305800
418.2660606195276 6441305500
418.2660606195276 6467305600
418.2660606195276 6493306000
418.2660606195276 6519305800
418.2660606195276 6544305600
418.2660606195276 6570305500
418.2660606195276 6610309600
418.2660606195276 6640338900
418.2660606195276 6666337500
418.2660606195276 6692339500
418.2660606195276 6718338200
418.2660606195276 6744341000
418.2660606195276 6769337400
418.2660606195276 6795338300
418.2660606195276 6821337400
418.2660606195276 6846337900
418.2660606195276 6872339900
418.2660606195276 6898341000
418.2660606195276 6930466100
418.2660606195276 6956496000
418.2660606195276 6982496800
418.2660606195276 7007495300
418.2660606195276 7033496300
418.2660606195276 7059500700
418.2660606195276 7085503900
418.2660606195276 7111498600
418.2660606195276 7136498600
418.2660606195276 7162496200
418.2660606195276 7188496100
418.2660606195276 7214495400
418.2660606195276 7239497700
418.2660606195276 7265497100
418.2660606195276 7291467200
418.2660606195276 7317495900
418.2660606195276 7343495000
418.2660606195276 7368498300
418.2660606195276 7394495600
418.2660606195276 7420495300
418.2660606195276 7446495200
418.2660606195276 7472495700
418.2660606195276 7497496400
418.2660606195276 7523496400
418.2660606195276 7549495100
418.2660606195276 7574504700
418.2660606195276 7600463800
418.2660606195276 7626465000
418.2660606195276 7652499200
418.2660606195276 7677496600
418.2660606195276 7703496300
418.2660606195276 7729497300
418.2660606195276 7754495900
418.2660606195276 7780498900
418.2660606195276 7806495200
418.2660606195276 7832495200
418.2660606195276 7858493600
418.2660606195276 7883497900
418.2660606195276 7914468300
418.2660606195276 7940466500
418.2660606195276 7967467200
418.2660606195276 7993467000
418.2660606195276 8019463700
418.2660606195276 8045463700
418.2660606195276 8070463300
418.2660606195276 8096463300
418.2660606195276 8122494700
418.2660606195276 8148494400
418.2660606195276 8174466800
418.2660606195276 8200463800
418.2660606195276 8226463200
418.2660606195276 8252466500
418.2660606195276 8278466500
418.2660606195276 8304467400
418.2660606195276 8330467000
418.2660606195276 8356463600
418.2660606195276 8382497000
418.2660606195276 8408495400
418.2660606195276 8433501000
418.2660606195276 8459497900
418.2660606195276 8484498300
418.2660606195276 8510464900
418.2660606195276 8536501500
418.2660606195276 8562492500
418.2660606195276 8587494900
418.2660606195276 8613497000
418.2660606195276 8639494900
418.2660606195276 8664496600
418.2660606195276 8690463600
418.2660606195276 8716466700
418.2660606195276 8742463300
418.2660606195276 8769463600
418.2660606195276 8795466800
418.2660606195276 8821463700
418.2660606195276 8846463400
418.2660606195276 8872463300
418.2660606195276 8898465100
418.2660606195276 8925465900
418.2660606195276 8951495300
418.2660606195276 8977498500
418.2660606195276 9002495300
418.2660606195276 9028494800
418.2660606195276 9054495300
418.2660606195276 9080495400
418.2660606195276 9105495100
418.2660606195276 9131495800
418.2660606195276 9157495000
418.2660606195276 9183496800
418.2660606195276 9217468100
418.2660606195276 9251495400
418.2660606195276 9276495700
418.2660606195276 9302496400
418.2660606195276 9327495200
418.2660606195276 9353492900
418.2660606195276 9379496100
418.2660606195276 9404495600
418.2660606195276 9430496000
418.2660606195276 9456495300
418.2660606195276 9482495800
418.2660606195276 9507657900
418.2660606195276 9533626600
418.2660606195276 9559659300
418.2660606195276 9585657000
418.2660606195276 9611623700
418.2660606195276 9637658300
418.2660606195276 9663656100
418.2660606195276 9689656800
418.2660606195276 9714656000
418.2660606195276 9741650600
418.2660606195276 9767657600
418.2660606195276 9793654900
418.2660606195276 9819655000
418.2660606195276 9844655800
418.2660606195276 9870655000
418.2660606195276 9896655600
418.2660606195276 9922657200
418.2660606195276 9948660600
418.2660606195276 9974657000
418.2660606195276 10000661200
418.2660606195276 10026625400
418.2660606195276 10052627400
418.2660606195276 10078655300
418.2660606195276 10104657600
418.2660606195276 10129657900
418.2660606195276 10155656500
418.2660606195276 10181655700
418.2660606195276 10207656400
418.2660606195276 10233658000
418.2660606195276 10258657400
418.2660606195276 10284656200
418.2660606195276 10310655800
418.2660606195276 10335657900
418.2660606195276 10361657500
418.2660606195276 10387656200
418.2660606195276 10413656200
418.2660606195276 10438655700
418.2660606195276 10464656300
418.2660606195276 10490655900
418.2660606195276 10517625300
418.2660606195276 10544657600
418.2660606195276 10570656800
418.2660606195276 10596656700
418.2660606195276 10622657900
418.2660606195276 10647659800
418.2660606195276 10673655500
418.2660606195276 10699659100
418.2660606195276 10725650800
418.2660606195276 10751655400
418.2660606195276 10777656500
418.2660606195276 10802657000
418.2660606195276 10828656600
418.2660606195276 10854657200
418.2660606195276 10879655600
418.2660606195276 10905655900
418.2660606195276 10931658800
418.2660606195276 10956657200
418.2660606195276 10982657200
418.2660606195276 11008656800
418.2660606195276 11033656500
418.2660606195276 11059659000
418.2660606195276 11085656000
418.2660606195276 11110654800
418.2660606195276 11136660200
418.2660606195276 11161657400
418.2660606195276 11186657300
418.2660606195276 11212656500
418.2660606195276 11238655600
418.2660606195276 11263656100
418.2660606195276 11289657000
418.2660606195276 11314626500
418.2660606195276 11340657600
418.2660606195276 11365652600
418.2660606195276 11391657100
418.2660606195276 11416656200
418.2660606195276 11442656900
418.2660606195276 11467657100
418.2660606195276 11493654800
418.2660606195276 11518655400
418.2660606195276 11544655900
418.2660606195276 11570657000
418.2660606195276 11595655700
418.2660606195276 11621623400
418.2660606195276 11647657300
418.2660606195276 11672656500
418.2660606195276 11698657200
418.2660606195276 11723657000
418.2660606195276 11749653700
418.2660606195276 11774656600
418.2660606195276 11808625400
418.2660606195276 11835658200
418.2660606195276 11860656300
418.2660606195276 11886655500
418.2660606195276 11911649800
418.2660606195276 11937816300
418.2660606195276 11963786400
418.2660606195276 11989818500
418.2660606195276 12014820100
418.2660606195276 12040822300
418.2660606195276 12066817700
418.2660606195276 12092822400
418.2660606195276 12117815200
418.2660606195276 12143818800
418.2660606195276 12174784600
418.2660606195276 12200784000
418.2660606195276 12226784100
418.2660606195276 12251786600
418.2660606195276 12277786500
418.2660606195276 12303783900
418.2660606195276 12329783800
418.2660606195276 12355783700
418.2660606195276 12381783700
418.2660606195276 12407783800
418.2660606195276 12433784000
418.2660606195276 12459784100
418.2660606195276 12484783700
418.2660606195276 12510786700
418.2660606195276 12536784100
418.2660606195276 12562784000
418.2660606195276 12588784100
418.2660606195276 12614784000
418.2660606195276 12640786000
418.2660606195276 12665784200
418.2660606195276 12691783700
418.2660606195276 12717783800
418.2660606195276 12743783700
418.2660606195276 12769784100
418.2660606195276 12795784100
418.2660606195276 12821784200
418.2660606195276 12846783700
418.2660606195276 12872783700
418.2660606195276 12897783600
418.2660606195276 12923816700
418.2660606195276 12949787000
418.2660606195276 12975786900
418.2660606195276 13001787400
418.2660606195276 13027784300
418.2660606195276 13053784100
