Problem size: large
0 1339.4366827301499 166999900
1 1256.5751539284108 335000500
2 1217.365560206786 485999100
3 1217.365560206786 640001600
4 1217.365560206786 791999100
5 1208.1768796102197 944030900
6 1155.825316161339 1096025700
7 1155.825316161339 1261000300
8 1155.825316161339 1427003700
9 1155.825316161339 1580998900
10 1155.825316161339 1735033100
11 1155.825316161339 1886035600
12 1094.9299701682098 2036035800
13 1094.9299701682098 2187030800
14 1094.9299701682098 2337031900
15 1094.9299701682098 2488031500
16 1094.9299701682098 2639046300
17 1094.9299701682098 2793999600
18 1094.9299701682098 2944033800
19 1094.9299701682098 3093034200
20 1094.9299701682098 3243998800
21 1094.9299701682098 3394999600
22 1094.9299701682098 3545998700
23 1094.9299701682098 3696999700
24 1094.9299701682098 3848999600
25 1094.9299701682098 4000002900
26 1094.9299701682098 4152002600
27 1094.9299701682098 4304003200
28 1010.5598043747011 4456003300
29 1010.5598043747011 4607002700
30 1010.5598043747011 4764001800
31 1010.5598043747011 4916003100
32 1010.5598043747011 5067001500
33 1010.5598043747011 5216999400
34 1010.5598043747011 5368001600
35 1010.5598043747011 5520001000
36 1010.5598043747011 5672518000
37 1010.5598043747011 5825514200
38 1010.5598043747011 5976516600
39 1010.5598043747011 6127518000
40 1010.5598043747011 6279517000
41 1010.5598043747011 6431516700
42 1010.5598043747011 6583516600
43 1010.5598043747011 6736514800
44 992.2815415230003 6888513800
45 992.2815415230003 7041021200
46 992.2815415230003 7192023600
47 992.2815415230003 7342055100
48 992.2815415230003 7492055700
49 992.2815415230003 7643053000
50 992.2815415230003 7795055000
51 992.2815415230003 7949020800
52 992.2815415230003 8100021500
53 992.2815415230003 8251024700
54 992.2815415230003 8403023100
55 992.2815415230003 8554021700
56 992.2815415230003 8706023500
57 992.2815415230003 8859064800
58 992.2815415230003 9008095100
59 992.2815415230003 9160063700
60 992.2815415230003 9316066700
61 992.2815415230003 9468063100
62 992.2815415230003 9619063700
63 961.3409589513655 9771096200
64 961.3409589513655 9921064000
65 961.3409589513655 10073066200
66 961.3409589513655 10225066400
67 961.3409589513655 10377063800
68 961.3409589513655 10530066900
69 961.3409589513655 10682066100
70 961.3409589513655 10833064000
71 961.3409589513655 10983095200
72 961.3409589513655 11133092700
73 961.3409589513655 11284063600
74 961.3409589513655 11436063100
75 961.3409589513655 11587067600
76 961.3409589513655 11738066600
77 961.3409589513655 11890066000
78 961.3409589513655 12041066000
79 961.3409589513655 12192067100
80 961.3409589513655 12343108200
81 960.4490503828399 12496107000
82 958.6898869050813 12646136200
83 958.6898869050813 12797139800
84 958.6898869050813 12948135100
85 958.6898869050813 13099138100
86 958.6898869050813 13249105200
87 926.8909787394632 13399136400
88 926.8909787394632 13549110200
89 894.1608925665975 13699140000
90 894.1608925665975 13851842600
91 894.1608925665975 14003079600
92 834.2165864600253 14153075900
93 834.2165864600253 14304074900
94 834.2165864600253 14455045600
95 834.2165864600253 14606047000
96 834.2165864600253 14758045700
97 834.2165864600253 14911042700
98 834.2165864600253 15062043400
99 834.2165864600253 15213045300
100 834.2165864600253 15365045900
101 834.2165864600253 15533046900
102 834.2165864600253 15685046300
103 834.2165864600253 15837046700
104 834.2165864600253 15990046800
105 834.2165864600253 16142046900
106 834.2165864600253 16294047100
107 834.2165864600253 16446045500
108 834.2165864600253 16598043300
109 834.2165864600253 16754043600
110 834.2165864600253 16907045600
111 758.0431889438224 17059042700
112 758.0431889438224 17210046200
113 758.0431889438224 17361045400
114 758.0431889438224 17513045600
115 758.0431889438224 17665045600
116 758.0431889438224 17817042700
117 758.0431889438224 17968043600
118 758.0431889438224 18120042800
119 758.0431889438224 18271043600
120 758.0431889438224 18423043100
121 758.0431889438224 18575046500
122 758.0431889438224 18728047000
123 758.0431889438224 18881519500
124 758.0431889438224 19031771800
125 758.0431889438224 19182769400
126 758.0431889438224 19333772000
127 758.0431889438224 19485769900
128 758.0431889438224 19635770200
129 758.0431889438224 19786771700
130 758.0431889438224 19938773800
131 758.0431889438224 20088769900
132 758.0431889438224 20240934400
133 758.0431889438224 20391931300
134 758.0431889438224 20547899700
135 758.0431889438224 20699931900
136 758.0431889438224 20849932200
137 758.0431889438224 20999931500
138 758.0431889438224 21151899700
139 758.0431889438224 21303899100
140 758.0431889438224 21454932900
141 758.0431889438224 21604932700
142 758.0431889438224 21755899100
143 758.0431889438224 21907899100
144 758.0431889438224 22059408000
145 699.4698460364358 22211406500
146 699.4698460364358 22363405700
147 699.4698460364358 22514406600
148 699.4698460364358 22665410000
149 699.4698460364358 22817409900
150 699.4698460364358 22974409900
151 699.4698460364358 23128439800
152 699.4698460364358 23278441100
153 699.4698460364358 23431652500
154 699.4698460364358 23585652200
155 699.4698460364358 23739652500
156 699.4698460364358 23891720600
157 699.4698460364358 24044717800
158 699.4698460364358 24197718800
159 699.4698460364358 24348720700
160 699.4698460364358 24503748600
161 677.2847245861143 24653493700
162 677.2847245861143 24804496000
163 677.2847245861143 24956486600
164 677.2847245861143 25108638400
165 677.2847245861143 25260701400
166 677.2847245861143 25412783900
167 677.2847245861143 25563784400
168 677.2847245861143 25716783100
169 677.2847245861143 25867783100
170 677.2847245861143 26019782700
171 677.2847245861143 26171781000
172 677.2847245861143 26323784500
173 677.2847245861143 26474783100
174 677.2847245861143 26627780100
175 677.2847245861143 26779783300
176 677.2847245861143 26931784100
177 677.2847245861143 27083784300
178 677.2847245861143 27235784500
179 677.2847245861143 27388783600
180 677.2847245861143 27545783200
181 677.2847245861143 27698783900
182 677.2847245861143 27849780500
183 677.2847245861143 28000781200
184 677.2847245861143 28151781000
185 677.2847245861143 28303782800
186 677.2847245861143 28454783800
187 677.2847245861143 28608811900
188 677.2847245861143 28761814800
189 677.2847245861143 28916270400
190 677.2847245861143 29068272100
191 677.2847245861143 29221272000
192 677.2847245861143 29374241700
193 677.2847245861143 29526240800
194 677.2847245861143 29678242200
195 677.2847245861143 29831241400
196 677.2847245861143 29983241000
197 677.2847245861143 30135240900
198 677.2847245861143 30287242300
199 677.2847245861143 30439242500
200 677.2847245861143 30596238600
201 677.2847245861143 30752240700
202 677.2847245861143 30905237800
203 677.2847245861143 31056242000
204 677.2847245861143 31208241500
205 646.9716873249757 31360240900
206 646.9716873249757 31519263500
207 646.9716873249757 31669272800
208 646.9716873249757 31819274200
209 646.9716873249757 31971241500
210 646.9716873249757 32122271100
211 646.9716873249757 32272272800
212 646.9716873249757 32422271200
213 646.9716873249757 32574241500
214 646.9716873249757 32726242200
215 646.9716873249757 32879242500
216 646.9716873249757 33031242400
217 646.9716873249757 33183242400
218 646.9716873249757 33336240700
219 646.9716873249757 33488242100
220 646.9716873249757 33639272500
221 646.9716873249757 33790273900
222 646.9716873249757 33940636800
223 646.9716873249757 34091638200
224 646.9716873249757 34240637300
225 646.9716873249757 34390638000
226 646.9716873249757 34540639900
227 646.9716873249757 34690636500
228 646.9716873249757 34841608800
229 646.9716873249757 34994607300
230 646.9716873249757 35151607500
231 646.9716873249757 35303607500
232 646.9716873249757 35454608600
233 646.9716873249757 35606608200
234 646.9716873249757 35759607500
235 646.9716873249757 35911607500
236 646.9716873249757 36062608500
237 646.9716873249757 36215607300
238 646.9716873249757 36367607500
239 646.9716873249757 36519607500
240 646.9716873249757 36671608700
241 646.9716873249757 36823636400
242 646.9716873249757 36974605200
243 646.9716873249757 37126605100
244 633.308378383659 37278604800
245 633.308378383659 37430608100
246 633.308378383659 37582608700
247 633.308378383659 37735607800
248 633.308378383659 37887604300
249 633.308378383659 38038605200
250 633.308378383659 38195604400
251 633.308378383659 38360606900
252 633.308378383659 38511608800
253 633.308378383659 38663608500
254 633.308378383659 38817604300
255 633.308378383659 38969111500
256 633.308378383659 39119115200
257 633.308378383659 39271147700
258 633.308378383659 39422150300
259 633.308378383659 39572145500
260 633.308378383659 39722305800
261 633.308378383659 39873306200
262 633.308378383659 40024305400
263 633.308378383659 40175466200
264 633.308378383659 40326471000
265 633.308378383659 40477463300
266 633.308378383659 40628466600
267 633.308378383659 40780464600
268 633.308378383659 40932432400
269 633.308378383659 41082464000
270 633.308378383659 41233468200
271 633.308378383659 41383468300
272 633.308378383659 41534464200
273 633.308378383659 41684469700
274 633.308378383659 41835368800
275 633.308378383659 41986341200
276 633.308378383659 42138339500
277 633.308378383659 42289341100
278 633.308378383659 42441340700
279 633.308378383659 42593338100
280 633.308378383659 42746339700
281 633.308378383659 42898337000
282 633.308378383659 43054337200
283 633.308378383659 43206336600
284 633.308378383659 43357336800
285 633.308378383659 43508337600
286 633.308378383659 43659337500
287 633.308378383659 43812336700
288 633.308378383659 43963336700
289 633.308378383659 44114336700
290 633.308378383659 44265337100
291 633.308378383659 44415370300
292 633.308378383659 44566368600
293 633.308378383659 44716372400
294 633.308378383659 44866373700
295 633.308378383659 45016369500
296 633.308378383659 45167371100
297 633.308378383659 45317371300
298 633.308378383659 45467373500
299 633.308378383659 45618369000
300 633.308378383659 45769366400
301 633.308378383659 45922368000
302 633.308378383659 46073371900
303 633.308378383659 46223370000
304 633.308378383659 46380372800
305 633.308378383659 46531339600
306 633.308378383659 46682340700
307 633.308378383659 46834337800
308 633.308378383659 46993342700
309 633.308378383659 47145341400
310 633.308378383659 47316339000
311 633.308378383659 47479341300
312 633.308378383659 47640337600
313 633.308378383659 47807339000
314 633.308378383659 47970337500
315 633.308378383659 48121337700
316 633.308378383659 48272340900
317 633.308378383659 48424340800
318 633.308378383659 48592339400
319 633.308378383659 48753369900
320 633.308378383659 48903373900
321 633.308378383659 49053113900
322 633.308378383659 49202113500
323 633.308378383659 49354111100
324 633.308378383659 49513079700
325 633.308378383659 49678113100
326 633.308378383659 49828112000
327 633.308378383659 49977110600
328 633.308378383659 50128115700
329 633.308378383659 50277113200
330 633.308378383659 50429079500
331 633.308378383659 50581079200
332 633.308378383659 50758078700
333 633.308378383659 50913078400
334 633.308378383659 51074078700
335 633.308378383659 51248114100
336 633.308378383659 51398113000
337 633.308378383659 51549115600
338 633.308378383659 51700112500
339 633.308378383659 51863078700
340 633.308378383659 52033110000
341 633.308378383659 52185112900
342 633.308378383659 52341079500
343 633.308378383659 52493078600
344 633.308378383659 52644083000
345 633.308378383659 52797078800
346 633.308378383659 52948081900
347 633.308378383659 53100081400
348 633.308378383659 53257082700
349 633.308378383659 53409078500
350 633.308378383659 53560078500
351 633.308378383659 53727082300
352 633.308378383659 53879078500
353 633.308378383659 54030586800
354 633.308378383659 54181587200
355 633.308378383659 54333586600
356 629.2231392697033 54484619100
357 629.2231392697033 54636615800
358 629.2231392697033 54791782800
359 629.2231392697033 54943782500
360 629.2231392697033 55095782600
361 629.2231392697033 55247784900
362 629.2231392697033 55399785600
363 629.2231392697033 55550786700
364 629.2231392697033 55703786900
365 629.2231392697033 55856786800
366 629.2231392697033 56008786700
367 629.2231392697033 56161054000
368 629.2231392697033 56318132300
369 629.2231392697033 56470134900
370 629.2231392697033 56622410800
371 629.2231392697033 56774086900
372 629.2231392697033 56926685600
373 629.2231392697033 57077697200
374 629.2231392697033 57227700400
375 629.2231392697033 57378698600
376 629.2231392697033 57529737100
377 629.2231392697033 57679738200
378 629.2231392697033 57830705300
379 629.2231392697033 57982704900
380 629.2231392697033 58133708100
381 629.2231392697033 58285707900
382 629.2231392697033 58437705000
383 629.2231392697033 58591707100
384 629.2231392697033 58743707800
385 629.2231392697033 58895707200
386 629.2231392697033 59047748600
387 629.2231392697033 59199748500
388 629.2231392697033 59356748700
389 629.2231392697033 59508750000
390 629.2231392697033 59661745900
391 629.2231392697033 59813745700
392 629.2231392697033 59965748300
393 629.2231392697033 60117777900
394 629.2231392697033 60266780200
395 629.2231392697033 60419745700
396 629.2231392697033 60572748100
397 629.2231392697033 60726749900
398 629.2231392697033 60881783600
399 629.2231392697033 61033777900
400 629.2231392697033 61184779900
401 629.2231392697033 61337782700
402 629.2231392697033 61488857500
403 629.2231392697033 61640938500
404 629.2231392697033 61791940600
405 629.2231392697033 61943909000
406 629.2231392697033 62094907200
407 629.2231392697033 62247910000
408 629.2231392697033 62404910500
409 629.2231392697033 62557909000
410 629.2231392697033 62709910000
411 629.2231392697033 62862909100
412 629.2231392697033 63015909300
413 629.2231392697033 63167906500
414 629.2231392697033 63319910400
415 629.2231392697033 63471909200
416 629.2231392697033 63622910400
417 629.2231392697033 63776906200
418 629.2231392697033 63930906900
419 629.2231392697033 64086907000
420 629.2231392697033 64239907100
421 629.2231392697033 64391910400
422 629.2231392697033 64544910500
423 629.2231392697033 64698909800
424 629.2231392697033 64852939700
425 629.2231392697033 65005909000
426 629.2231392697033 65157909900
427 629.2231392697033 65309940200
428 629.2231392697033 65460938500
429 629.2231392697033 65610940400
430 629.2231392697033 65760939300
431 629.2231392697033 65912906400
432 629.2231392697033 66063906300
433 629.2231392697033 66214907100
434 629.2231392697033 66366906700
435 629.2231392697033 66518906800
436 629.2231392697033 66670906300
437 629.2231392697033 66822907100
438 629.2231392697033 66974942000
439 629.2231392697033 67126940300
440 629.2231392697033 67276938700
441 629.2231392697033 67427908300
442 629.2231392697033 67578947100
443 629.2231392697033 67729938900
444 629.2231392697033 67879943000
445 629.2231392697033 68032906300
446 629.2231392697033 68184906300
447 629.2231392697033 68336906400
448 629.2231392697033 68492910600
449 629.2231392697033 68645908900
450 629.2231392697033 68797907400
451 629.2231392697033 68965909200
452 629.2231392697033 69119951900
453 629.2231392697033 69272950900
454 629.2231392697033 69426980000
455 629.2231392697033 69578980300
456 629.2231392697033 69728985800
457 629.2231392697033 69880980000
458 629.2231392697033 70032951800
459 629.2231392697033 70185950300
460 629.2231392697033 70337948500
461 629.2231392697033 70490950800
462 629.2231392697033 70643950400
463 629.2231392697033 70797951100
464 629.2231392697033 70949950800
465 629.2231392697033 71102950500
466 629.2231392697033 71254951300
467 629.2231392697033 71406951800
468 629.2231392697033 71559951400
469 629.2231392697033 71712950200
470 629.2231392697033 71864951600
471 629.2231392697033 72016951900
472 629.2231392697033 72168952300
473 629.2231392697033 72320952400
474 629.2231392697033 72472951800
475 629.2231392697033 72624982800
476 629.2231392697033 72776979500
477 629.2231392697033 72926982100
478 629.2231392697033 73077984600
479 629.2231392697033 73228976900
480 629.2231392697033 73379984600
481 629.2231392697033 73530983900
482 629.2231392697033 73680983300
483 629.2231392697033 73832979900
484 629.2231392697033 73984948500
485 629.2231392697033 74137002000
486 629.2231392697033 74289003000
487 629.2231392697033 74441003700
488 629.2231392697033 74594030600
489 629.2231392697033 74746033500
490 629.2231392697033 74900199100
491 629.2231392697033 75051202500
492 629.2231392697033 75201197000
493 629.2231392697033 75352198100
494 629.2231392697033 75503167700
495 629.2231392697033 75655168800
496 629.2231392697033 75806169700
497 629.2231392697033 75958165300
498 629.2231392697033 76110198300
499 629.2231392697033 76270165900
Best cost: 629.2231392697033
Path taken: 6 24 51 9 10 62 26 34 45 21 15 27 52 3 20 2 19 54 32 33 1 60 16 58 40 14 25 22 5 7 28 61 0 47 56 8 63 29 31 48 18 36 42 30 38 11 41 50 55 37 46 39 13 44 59 4 57 17 53 12 49 23 43 35