Problem size: medium
0 709.4622724089354 41974100
1 574.9860693894624 87974700
2 574.9860693894624 128971300
3 574.9860693894624 155973000
4 574.9860693894624 182971400
5 574.9860693894624 208971400
6 574.9860693894624 235972400
7 574.9860693894624 264971700
8 574.9860693894624 291971100
9 574.9860693894624 318973900
10 574.9860693894624 345972300
11 574.9860693894624 376971200
12 574.9860693894624 404971200
13 574.9860693894624 441974300
14 574.9860693894624 470005700
15 574.9860693894624 505007500
16 555.8266707950942 532007400
17 555.8266707950942 567010300
18 555.8266707950942 594972700
19 555.8266707950942 629976900
20 555.8266707950942 657976100
21 555.8266707950942 686971700
22 555.8266707950942 728972100
23 555.8266707950942 760971000
24 555.8266707950942 787971800
25 555.8266707950942 818013600
26 555.8266707950942 852005700
27 555.8266707950942 894008200
28 535.7740113687215 921974800
29 535.7740113687215 948006900
30 535.7740113687215 974971000
31 535.7740113687215 1008971200
32 533.6751961544427 1044998700
33 533.6751961544427 1077971100
34 533.6751961544427 1106971900
35 533.6751961544427 1145975100
36 522.1225464625954 1182980100
37 522.1225464625954 1215973700
38 522.1225464625954 1245972700
39 522.1225464625954 1280972800
40 522.1225464625954 1334971800
41 522.1225464625954 1367971900
42 522.1225464625954 1401975500
43 522.1225464625954 1438974200
44 522.1225464625954 1468974900
45 522.1225464625954 1503044100
46 522.1225464625954 1540013100
47 522.1225464625954 1568011200
48 522.1225464625954 1599023400
49 522.1225464625954 1634022000
50 522.1225464625954 1662030700
51 522.1225464625954 1693034200
52 522.1225464625954 1722065800
53 522.1225464625954 1753033400
54 522.1225464625954 1783064200
55 522.1225464625954 1816035600
56 522.1225464625954 1853077900
57 516.2820433623147 1880090100
58 496.9684540879121 1911060500
59 496.9684540879121 1940056100
60 496.9684540879121 1985093700
61 496.9684540879121 2013089300
62 496.9684540879121 2040090800
63 496.9684540879121 2068082500
64 496.9684540879121 2107059400
65 496.9684540879121 2147097000
66 496.9684540879121 2181091300
67 496.9684540879121 2207059700
68 496.9684540879121 2239060200
69 496.9684540879121 2267067000
70 496.9684540879121 2302056900
71 496.9684540879121 2340082100
72 496.9684540879121 2367061000
73 496.9684540879121 2394056500
74 487.7154203424534 2421090300
75 487.7154203424534 2448089600
76 469.3924329303521 2475056300
77 469.3924329303521 2502060300
78 469.3924329303521 2529059500
79 469.3924329303521 2557092100
80 469.3924329303521 2585058800
81 467.66110485283446 2612089300
82 467.25822530128886 2639060000
83 467.25822530128886 2670060300
84 467.25822530128886 2701060100
85 467.25822530128886 2728056300
86 467.25822530128886 2758056300
87 459.45006454073007 2785056400
88 459.45006454073007 2811059000
89 459.45006454073007 2839056300
90 459.45006454073007 2866056000
91 459.45006454073007 2900057600
92 457.8575151828153 2935058100
93 457.8575151828153 2962056000
94 457.8575151828153 2989056200
95 457.8575151828153 3025056100
96 457.8575151828153 3053056400
97 457.8575151828153 3080056200
98 457.8575151828153 3107056100
99 457.8575151828153 3139064200
100 457.8575151828153 3175056200
101 457.8575151828153 3220057400
102 457.8575151828153 3252056100
103 457.8575151828153 3291091300
104 457.8575151828153 3319056400
105 457.8575151828153 3346056400
106 457.8575151828153 3373056500
107 457.8575151828153 3420056800
108 457.8575151828153 3447056100
109 457.8575151828153 3476056100
110 457.8575151828153 3503056200
111 457.8575151828153 3530056200
112 457.8575151828153 3560056200
113 457.8575151828153 3587056400
114 457.8575151828153 3618056300
115 457.8575151828153 3645058300
116 451.2553717558985 3684170700
117 449.82735766244514 3720225900
118 449.82735766244514 3751344800
119 449.82735766244514 3778646700
120 449.82735766244514 3819809400
121 449.82735766244514 3850779500
122 449.82735766244514 3879787600
123 446.1376382783279 3906787900
124 446.1376382783279 3933787900
125 437.64859318672444 3959787600
126 437.64859318672444 3986787600
127 437.64859318672444 4017787900
128 437.64859318672444 4044788000
129 437.64859318672444 4070787700
130 437.64859318672444 4097787700
131 437.64859318672444 4124788100
132 437.64859318672444 4156787600
133 437.64859318672444 4184788000
134 437.64859318672444 4211788100
135 437.64859318672444 4238791100
136 437.64859318672444 4264787600
137 437.64859318672444 4302791300
138 437.64859318672444 4329820800
139 437.64859318672444 4357788400
140 434.11430799221574 4391788500
141 434.11430799221574 4427790900
142 434.11430799221574 4456790500
143 434.11430799221574 4492790900
144 434.11430799221574 4519787600
145 434.11430799221574 4546787800
146 434.11430799221574 4575788400
147 434.11430799221574 4603790600
148 434.11430799221574 4631824100
149 434.11430799221574 4666787800
150 434.11430799221574 4700787600
151 434.11430799221574 4731790400
152 434.11430799221574 4758787700
153 434.11430799221574 4785787700
154 434.11430799221574 4813788000
155 434.11430799221574 4842789200
156 434.11430799221574 4869787700
157 434.11430799221574 4909788000
158 434.11430799221574 4936790200
159 434.11430799221574 4964788500
160 434.11430799221574 5001787600
161 434.11430799221574 5029789000
162 434.11430799221574 5066787700
163 434.11430799221574 5094787800
164 434.11430799221574 5126787700
165 434.11430799221574 5153788700
166 434.11430799221574 5182787600
167 434.11430799221574 5216788500
168 434.11430799221574 5243787700
169 434.11430799221574 5272787900
170 434.11430799221574 5300787800
171 429.98246001656935 5328787900
172 429.98246001656935 5356815200
173 429.98246001656935 5386824300
174 429.98246001656935 5414823600
175 429.98246001656935 5440822500
176 429.98246001656935 5487822500
177 429.98246001656935 5529788200
178 429.98246001656935 5560787900
179 423.59097267752304 5586787500
180 423.59097267752304 5621788100
181 423.59097267752304 5648787800
182 423.59097267752304 5675787600
183 423.59097267752304 5709789500
184 423.59097267752304 5749788500
185 423.59097267752304 5775787900
186 423.59097267752304 5802787800
187 423.59097267752304 5844789300
188 423.59097267752304 5876820300
189 423.59097267752304 5909820200
190 420.28198262149624 5946791700
191 420.28198262149624 5973818800
192 420.28198262149624 6003787900
193 420.28198262149624 6043867200
194 420.28198262149624 6074028800
195 420.28198262149624 6102972800
196 420.28198262149624 6133017700
197 420.28198262149624 6160021200
198 420.28198262149624 6187044500
199 420.28198262149624 6215147900
200 420.28198262149624 6243217000
201 420.28198262149624 6271264100
202 420.28198262149624 6315297600
203 420.28198262149624 6341293900
204 420.28198262149624 6370956800
205 420.28198262149624 6397954200
206 420.28198262149624 6423956200
207 420.28198262149624 6452957700
208 420.28198262149624 6479920200
209 420.28198262149624 6507131900
210 420.28198262149624 6534131600
211 420.28198262149624 6561125600
212 420.28198262149624 6595130600
213 420.28198262149624 6626131200
214 420.28198262149624 6661130600
215 420.28198262149624 6696131900
216 420.28198262149624 6723123400
217 420.28198262149624 6771130700
218 420.28198262149624 6799099700
219 420.28198262149624 6826128400
220 420.28198262149624 6853100400
221 420.28198262149624 6880100300
222 420.28198262149624 6912129100
223 420.28198262149624 6942125000
224 420.28198262149624 6980134500
225 420.28198262149624 7015128900
226 420.28198262149624 7048132500
227 420.28198262149624 7076136300
228 420.28198262149624 7103139600
229 420.28198262149624 7133130000
230 420.28198262149624 7160134200
231 420.28198262149624 7196137800
232 420.28198262149624 7223129300
233 420.28198262149624 7251100500
234 420.28198262149624 7287131700
235 420.28198262149624 7317130800
236 420.28198262149624 7360101000
237 420.28198262149624 7392131300
238 420.28198262149624 7424096700
239 420.28198262149624 7451136600
240 420.28198262149624 7478096900
241 420.28198262149624 7509099500
242 420.28198262149624 7551100900
243 420.28198262149624 7578105700
244 420.28198262149624 7608126100
245 419.93338872858976 7646123400
246 419.93338872858976 7679100300
247 419.93338872858976 7707131600
248 419.93338872858976 7734129800
249 419.93338872858976 7761096600
250 419.93338872858976 7788096900
251 419.93338872858976 7827099600
252 419.93338872858976 7865134500
253 419.93338872858976 7892133200
254 419.93338872858976 7921100600
255 419.93338872858976 7948100000
256 419.93338872858976 7983100200
257 419.93338872858976 8018097100
258 419.93338872858976 8053130800
259 419.93338872858976 8092129800
260 419.93338872858976 8124100200
261 419.93338872858976 8151113500
262 419.93338872858976 8178099100
263 419.93338872858976 8216126500
264 419.93338872858976 8243096700
265 419.93338872858976 8272096900
266 419.93338872858976 8299097100
267 419.93338872858976 8326100200
268 419.93338872858976 8355134300
269 419.93338872858976 8390132000
270 419.93338872858976 8429100600
271 419.93338872858976 8456099500
272 419.93338872858976 8483096900
273 419.93338872858976 8510096900
274 419.93338872858976 8542132800
275 419.93338872858976 8577128800
276 419.93338872858976 8610124500
277 419.93338872858976 8645109300
278 419.93338872858976 8682521600
279 419.93338872858976 8709515100
280 419.93338872858976 8736516600
281 419.93338872858976 8763518300
282 419.93338872858976 8790516100
283 419.93338872858976 8822485300
284 419.93338872858976 8851516600
285 419.93338872858976 8886517400
286 419.93338872858976 8912483400
287 419.93338872858976 8939494100
288 419.93338872858976 8966482400
289 419.93338872858976 8993512400
290 419.93338872858976 9024485500
291 419.93338872858976 9055516500
292 419.93338872858976 9098526400
293 419.93338872858976 9135519100
294 419.93338872858976 9163518000
295 419.93338872858976 9196515800
296 419.93338872858976 9229485100
297 419.93338872858976 9263482400
298 419.93338872858976 9292482400
299 419.93338872858976 9325483100
300 419.93338872858976 9374508700
301 419.93338872858976 9408483700
302 419.93338872858976 9437482500
303 419.93338872858976 9470482500
304 419.93338872858976 9499514900
305 419.93338872858976 9526531400
306 419.93338872858976 9553482500
307 419.93338872858976 9584482800
308 419.93338872858976 9611482500
309 419.93338872858976 9638482800
310 419.93338872858976 9666516400
311 419.93338872858976 9701521200
312 419.93338872858976 9736516900
313 419.93338872858976 9764518500
314 419.93338872858976 9795508800
315 419.93338872858976 9822516200
316 419.93338872858976 9867486100
317 419.93338872858976 9895487700
318 419.93338872858976 9937485400
319 419.93338872858976 9967692400
320 419.93338872858976 9995690800
321 419.93338872858976 10035722200
322 419.93338872858976 10066713700
323 419.93338872858976 10107691300
324 419.93338872858976 10136687100
325 419.93338872858976 10169713800
326 419.93338872858976 10196722900
327 419.93338872858976 10223690500
328 419.93338872858976 10251722200
329 419.93338872858976 10278692000
330 419.93338872858976 10304690600
331 419.93338872858976 10342688200
332 419.2809128860912 10369722800
333 419.2809128860912 10405691900
334 419.2809128860912 10440688100
335 419.2809128860912 10482688100
336 419.2809128860912 10519727300
337 419.2809128860912 10547021100
338 419.2809128860912 10573999800
339 419.2809128860912 10600999800
340 419.2809128860912 10632000400
341 419.2809128860912 10658999800
342 419.2809128860912 10691999800
343 419.2809128860912 10717999400
344 419.2809128860912 10744999500
345 419.2809128860912 10777000400
346 419.2809128860912 10810000500
347 419.2809128860912 10840999500
348 419.2809128860912 10867999600
349 419.2809128860912 10895001200
350 419.2809128860912 10922002100
351 419.2809128860912 10968001500
352 419.2809128860912 10999999500
353 419.2809128860912 11028000900
354 419.2809128860912 11061000300
355 419.2809128860912 11088016800
356 419.2809128860912 11131488700
357 419.2809128860912 11160536200
358 419.2809128860912 11188539600
359 419.2809128860912 11224428100
360 419.2809128860912 11260447400
361 419.2809128860912 11293450600
362 419.2809128860912 11324433400
363 419.2809128860912 11358467700
364 419.2809128860912 11385474900
365 419.2809128860912 11423472900
366 419.2809128860912 11460468900
367 419.2809128860912 11493560900
368 419.2809128860911 11523443100
369 419.2809128860911 11570503200
370 419.2809128860911 11607441400
371 419.2809128860911 11644450200
372 419.2809128860911 11690841300
373 419.2809128860911 11724838300
374 419.2809128860911 11754840000
375 419.2809128860911 11790837300
376 419.2809128860911 11834837500
377 419.2809128860911 11887838300
378 419.2809128860911 11915838300
379 419.2809128860911 11946837600
380 419.2809128860911 11977838900
381 419.2809128860911 12004837400
382 419.2809128860911 12038840900
383 419.2809128860911 12068876500
384 419.2809128860911 12095884100
385 419.2809128860911 12122841000
386 419.2809128860911 12149841000
387 419.2809128860911 12180838000
388 419.2809128860911 12213838200
389 419.2809128860911 12246840400
390 419.2809128860911 12280874500
391 419.2809128860911 12314841200
392 419.2809128860911 12349837300
393 419.2809128860911 12376837800
394 419.2809128860911 12403837700
395 419.2809128860911 12430837900
396 419.2809128860911 12458838600
397 419.2809128860911 12485837900
398 419.2809128860911 12515840500
399 419.2809128860911 12551840200
400 419.2809128860911 12583839300
401 419.2809128860911 12627840900
402 419.2809128860911 12661842200
403 419.2809128860911 12698840900
404 419.2809128860911 12725837500
405 419.2809128860911 12753838000
406 419.2809128860911 12783837500
407 419.2809128860911 12822839200
408 419.2809128860911 12855840700
409 419.2809128860911 12883841300
410 419.2809128860911 12918872800
411 419.2809128860911 12953840400
412 419.2809128860911 12986841200
413 419.2809128860911 13013841300
414 419.2809128860911 13042837600
415 419.2809128860911 13069870400
416 419.2809128860911 13096837800
417 419.2809128860911 13123840900
418 419.2809128860911 13149837400
419 419.2809128860911 13176837600
420 419.2809128860911 13203840000
421 419.2809128860911 13229839300
422 419.2809128860911 13270053900
423 419.2809128860911 13296048100
424 419.2809128860911 13334051400
425 419.2809128860911 13364049000
426 419.2809128860911 13392014000
427 419.2809128860911 13430047600
428 419.2809128860911 13461050000
429 419.2809128860911 13495051000
430 419.2809128860911 13526048300
431 419.2809128860911 13559018300
432 419.2809128860911 13585014600
433 419.2809128860911 13613049100
434 419.2809128860911 13651051900
435 419.2809128860911 13677017200
436 419.2809128860911 13718053000
437 419.2809128860911 13745048900
438 419.2809128860911 13773019200
439 419.2809128860911 13800052900
440 419.2809128860911 13827048000
441 419.2809128860911 13855014600
442 419.2809128860911 13887033700
443 419.2809128860911 13918048400
444 419.2809128860911 13945047500
445 419.2809128860911 13978048600
446 419.2809128860911 14005050300
447 419.2809128860911 14041046100
448 419.2809128860911 14068051300
449 419.2809128860911 14095049100
450 419.2809128860911 14121049200
451 419.2809128860911 14151049700
452 419.2809128860911 14189053000
453 419.2809128860911 14224048000
454 419.2809128860911 14251048600
455 419.2809128860911 14278013500
456 419.2809128860911 14306048900
457 419.2809128860911 14335014100
458 419.2809128860911 14371045900
459 419.2809128860911 14398013700
460 419.2809128860911 14425014100
461 419.2809128860911 14464013800
462 419.2809128860911 14491013800
463 419.2809128860911 14518014400
464 419.2809128860911 14550016300
465 419.2809128860911 14577015700
466 419.2809128860911 14611018400
467 419.2809128860911 14650049200
468 419.2809128860911 14677018000
469 419.2809128860911 14710017700
470 419.2809128860911 14749023500
471 419.2809128860911 14780060000
472 419.2809128860911 14808051700
473 419.2809128860911 14835013700
474 419.2809128860911 14862017200
475 419.2809128860911 14890014600
476 419.2809128860911 14929014200
477 419.2809128860911 14956050900
478 419.2809128860911 14986048300
479 419.2809128860911 15021027300
480 419.2809128860911 15049014300
481 419.2809128860911 15080053600
482 419.2809128860911 15118050500
483 419.2809128860911 15165049000
484 419.2809128860911 15192013700
485 419.2809128860911 15225045800
486 419.2809128860911 15263050000
487 419.2809128860911 15294048700
488 419.2809128860911 15328017000
489 419.2809128860911 15377013800
490 419.2809128860911 15404051400
491 419.2809128860911 15442013600
492 419.2809128860911 15469016000
493 419.2809128860911 15497013900
494 419.2809128860911 15524017900
495 419.2809128860911 15552016500
496 419.2809128860911 15579018400
497 419.2809128860911 15606013700
498 419.2809128860911 15634013800
499 419.2809128860911 15662014400
Best cost: 419.2809128860911
Path taken: 30 22 9 23 15 7 6 3 31 8 5 16 25 29 20 24 2 27 4 21 26 12 18 10 28 13 19 14 17 1 11 0