Problem size: small
0 374.76403708074247 27991500
1 374.76403708074247 29991700
2 374.76403708074247 31991900
3 374.76403708074247 33994000
4 357.9689579739826 35993300
5 357.9689579739826 36992400
6 357.9689579739826 39992500
7 357.9689579739826 42991500
8 357.9689579739826 46991700
9 357.9689579739826 49991600
10 357.9689579739826 52991800
11 357.9689579739826 54991900
12 357.9689579739826 57992400
13 357.9689579739826 59992100
14 357.9689579739826 62992000
15 357.9689579739826 64991900
16 349.1169816443687 67991500
17 349.1169816443687 69992000
18 349.1169816443687 70991700
19 349.1169816443687 73992200
20 349.1169816443687 75991900
21 349.1169816443687 77991900
22 349.1169816443687 79991900
23 349.1169816443687 81991700
24 349.1169816443687 84991200
25 349.1169816443687 87992300
26 349.1169816443687 90992100
27 349.1169816443687 93992100
28 298.44060376999573 95991800
29 298.44060376999573 97991700
30 298.44060376999573 99991700
31 298.44060376999573 101991700
32 298.44060376999573 104991900
33 298.44060376999573 106991500
34 298.44060376999573 108991200
35 298.44060376999573 109991800
36 298.44060376999573 111991800
37 298.44060376999573 113991800
38 298.44060376999573 115991500
39 298.44060376999573 117991700
40 298.44060376999573 120991900
41 298.44060376999573 122992000
42 298.44060376999573 125992100
43 298.44060376999573 127992000
44 298.44060376999573 130992000
45 298.44060376999573 132991900
46 298.44060376999573 135992100
47 298.44060376999573 138992100
48 298.44060376999573 140991900
49 298.44060376999573 143992300
50 298.44060376999573 145991300
51 298.44060376999573 147997700
52 298.44060376999573 149991300
53 298.44060376999573 152994200
54 298.44060376999573 154993000
55 298.44060376999573 157993400
56 298.44060376999573 160993000
57 298.44060376999573 163992600
58 298.44060376999573 165991200
59 298.44060376999573 168992500
60 298.44060376999573 170993100
61 298.44060376999573 173992400
62 298.44060376999573 176991000
63 298.44060376999573 178991900
64 298.44060376999573 181991900
65 298.44060376999573 183991900
66 298.44060376999573 186991700
67 298.44060376999573 189991800
68 298.44060376999573 192990800
69 298.44060376999573 195991800
70 298.44060376999573 197992700
71 298.44060376999573 200991400
72 298.44060376999573 203992200
73 298.44060376999573 206991400
74 298.44060376999573 208991700
75 298.44060376999573 211992600
76 298.44060376999573 213991500
77 298.44060376999573 214991800
78 298.44060376999573 216991500
79 298.44060376999573 217991700
80 298.44060376999573 219991400
81 298.44060376999573 220991600
82 298.44060376999573 222992400
83 298.44060376999573 223991600
84 298.44060376999573 224991700
85 298.44060376999573 226991400
86 298.44060376999573 228992000
87 298.44060376999573 229991700
88 298.44060376999573 231991500
89 298.44060376999573 232991500
90 298.44060376999573 234991400
91 298.44060376999573 235991600
92 298.44060376999573 237992900
93 298.44060376999573 238991300
94 298.44060376999573 240991300
95 298.44060376999573 241991500
96 298.44060376999573 243991300
97 298.44060376999573 244991700
98 298.44060376999573 246991500
99 298.44060376999573 247995800
100 298.44060376999573 249990900
101 298.44060376999573 250992800
102 298.44060376999573 252991400
103 298.44060376999573 253991700
104 298.44060376999573 255994800
105 298.44060376999573 257995600
106 298.44060376999573 259991900
107 298.44060376999573 261992800
108 298.44060376999573 264993500
109 298.44060376999573 268000600
110 298.44060376999573 270991900
111 298.44060376999573 273992500
112 298.44060376999573 275995600
113 298.44060376999573 276992800
114 298.44060376999573 279993300
115 298.44060376999573 280992000
116 298.44060376999573 282991300
117 298.44060376999573 283991400
118 298.44060376999573 285991400
119 298.44060376999573 286991400
120 298.44060376999573 288992300
121 298.44060376999573 290991500
122 298.44060376999573 291991600
123 298.44060376999573 293991500
124 298.44060376999573 294991500
125 298.44060376999573 296991400
126 298.44060376999573 297991600
127 298.44060376999573 299991300
128 298.44060376999573 300992000
129 298.44060376999573 302991400
130 298.44060376999573 303991600
131 298.44060376999573 305991300
132 298.44060376999573 306991700
133 298.44060376999573 308991300
134 298.44060376999573 309991400
135 298.44060376999573 311991200
136 298.44060376999573 312991400
137 298.44060376999573 314991300
138 298.44060376999573 315991500
139 298.44060376999573 317991200
140 298.44060376999573 318991400
141 298.44060376999573 320994300
142 298.44060376999573 321993600
143 298.44060376999573 323993300
144 298.44060376999573 324993400
145 298.44060376999573 326993300
146 298.44060376999573 327993800
147 298.44060376999573 329993100
148 298.44060376999573 330993500
149 298.44060376999573 332993100
150 298.44060376999573 333993500
151 298.44060376999573 335993800
152 298.44060376999573 337993000
153 298.44060376999573 339991300
154 298.44060376999573 340991700
155 298.44060376999573 342991500
156 298.44060376999573 344991600
157 298.44060376999573 346991500
158 298.44060376999573 348991700
159 298.44060376999573 349991400
160 298.44060376999573 351991400
161 298.44060376999573 352994400
162 298.44060376999573 354994900
163 298.44060376999573 356995600
164 298.44060376999573 358996500
165 298.44060376999573 361991400
166 298.44060376999573 364992000
167 298.44060376999573 368000700
168 298.44060376999573 369991500
169 298.44060376999573 372992600
170 298.44060376999573 375992700
171 298.44060376999573 378992700
172 298.44060376999573 380992700
173 298.44060376999573 382992500
174 298.44060376999573 384993500
175 298.44060376999573 386992800
176 298.44060376999573 388992300
177 298.44060376999573 389991500
178 298.44060376999573 391992500
179 298.44060376999573 393991900
180 298.44060376999573 395992300
181 298.44060376999573 397992700
182 298.44060376999573 400992700
183 298.44060376999573 401992400
184 298.44060376999573 403994000
185 298.44060376999573 405992700
186 298.44060376999573 407993600
187 298.44060376999573 409993800
188 298.44060376999573 411995400
189 298.44060376999573 413991300
190 298.44060376999573 416993600
191 298.44060376999573 417993500
192 298.44060376999573 419991400
193 298.44060376999573 421993500
194 298.44060376999573 423991300
195 298.44060376999573 424993700
196 298.44060376999573 426993400
197 298.44060376999573 428994300
198 298.44060376999573 430991400
199 298.44060376999573 433010700
200 298.44060376999573 434991800
201 298.44060376999573 436992000
202 298.44060376999573 438993500
203 298.44060376999573 441992500
204 298.44060376999573 444992600
205 298.44060376999573 447992400
206 298.44060376999573 450992700
207 298.44060376999573 453993600
208 298.44060376999573 455991700
209 298.44060376999573 457992100
210 298.44060376999573 459991900
211 298.44060376999573 461992500
212 298.44060376999573 464992700
213 298.44060376999573 466992700
214 298.44060376999573 468992000
215 298.44060376999573 470991900
216 298.44060376999573 472991900
217 298.44060376999573 474993000
218 298.44060376999573 476991800
219 298.44060376999573 478991500
220 298.44060376999573 480991900
221 298.44060376999573 483991900
222 298.44060376999573 485991500
223 298.44060376999573 487991700
224 298.44060376999573 490992300
225 298.44060376999573 492992000
226 298.44060376999573 495992600
227 298.44060376999573 498992200
228 298.44060376999573 500992600
229 298.44060376999573 503991100
230 298.44060376999573 506991800
231 298.44060376999573 508991800
232 298.44060376999573 510991800
233 298.44060376999573 513991700
234 298.44060376999573 515991700
235 298.44060376999573 518991700
236 298.44060376999573 521991500
237 298.44060376999573 524990900
238 298.44060376999573 526991400
239 298.44060376999573 529991600
240 298.44060376999573 532991300
241 298.44060376999573 535990600
242 298.44060376999573 537991400
243 298.44060376999573 539991400
244 298.44060376999573 541991400
245 298.44060376999573 543992000
246 298.44060376999573 546991300
247 298.44060376999573 549990400
248 298.44060376999573 551991400
249 298.44060376999573 554991400
250 298.44060376999573 557991200
251 298.44060376999573 560994500
252 298.44060376999573 563992600
253 298.44060376999573 565993000
254 298.44060376999573 566991900
255 298.44060376999573 568991600
256 298.44060376999573 569991700
257 298.44060376999573 571994400
258 298.44060376999573 573992800
259 298.44060376999573 575992000
260 298.44060376999573 577993300
261 298.44060376999573 580992200
262 298.44060376999573 583992500
263 298.44060376999573 586993000
264 298.44060376999573 589990300
265 298.44060376999573 592990300
266 298.44060376999573 594993800
267 298.44060376999573 596993000
268 298.44060376999573 598993900
269 298.44060376999573 601992300
270 298.44060376999573 603992200
271 298.44060376999573 605993900
272 298.44060376999573 606994100
273 298.44060376999573 608993300
274 298.44060376999573 609993700
275 298.44060376999573 611993300
276 298.44060376999573 612993800
277 298.44060376999573 614993400
278 298.44060376999573 615993600
279 298.44060376999573 618000400
280 298.44060376999573 618993500
281 298.44060376999573 619993700
282 298.44060376999573 621993300
283 298.44060376999573 623993600
284 298.44060376999573 624993300
285 298.44060376999573 625993700
286 298.44060376999573 627999700
287 298.44060376999573 628993700
288 298.44060376999573 630993200
289 298.44060376999573 631993800
290 298.44060376999573 633993400
291 298.44060376999573 634993800
292 298.44060376999573 636993300
293 298.44060376999573 637995500
294 298.44060376999573 639993800
295 298.44060376999573 640993700
296 298.44060376999573 642993500
297 298.44060376999573 643993400
298 298.44060376999573 644993700
299 298.44060376999573 646993100
300 298.44060376999573 647996200
301 298.44060376999573 649993400
302 298.44060376999573 650993900
303 298.44060376999573 652993300
304 298.44060376999573 654993200
305 298.44060376999573 656991600
306 298.44060376999573 657991700
307 298.44060376999573 659991600
308 298.44060376999573 660992400
309 298.44060376999573 662993900
310 298.44060376999573 664991600
311 298.44060376999573 668038200
312 298.44060376999573 670991800
313 298.44060376999573 673992000
314 298.44060376999573 676992800
315 298.44060376999573 679992400
316 298.44060376999573 682992000
317 298.44060376999573 685991900
318 298.44060376999573 688991900
319 298.44060376999573 690991600
320 298.44060376999573 691991300
321 298.44060376999573 693991300
322 298.44060376999573 694991600
323 298.44060376999573 696991900
324 298.44060376999573 697991400
325 298.44060376999573 699991700
326 298.44060376999573 702992000
327 298.44060376999573 704992100
328 298.44060376999573 707991900
329 298.44060376999573 710991800
330 298.44060376999573 713990800
331 298.44060376999573 715990700
332 298.44060376999573 718992700
333 298.44060376999573 721992800
334 298.44060376999573 724992700
335 298.44060376999573 727992700
336 298.44060376999573 730992700
337 298.44060376999573 732992900
338 298.44060376999573 735991100
339 298.44060376999573 738992600
340 298.44060376999573 741992700
341 298.44060376999573 744992600
342 298.44060376999573 747992000
343 298.44060376999573 749990700
344 298.44060376999573 752992000
345 298.44060376999573 755992000
346 298.44060376999573 758991400
347 298.44060376999573 760991800
348 298.44060376999573 763991900
349 298.44060376999573 766990900
350 298.44060376999573 769990800
351 298.44060376999573 771990900
352 298.44060376999573 774991200
353 298.44060376999573 778991300
354 298.44060376999573 780992700
355 298.44060376999573 783994300
356 298.44060376999573 786998300
357 298.44060376999573 788992400
358 298.44060376999573 790991800
359 298.44060376999573 792991800
360 298.44060376999573 795992800
361 298.44060376999573 798992800
362 298.44060376999573 800992000
363 298.44060376999573 803991200
364 298.44060376999573 805991700
365 298.44060376999573 808992000
366 298.44060376999573 811991800
367 298.44060376999573 814992800
368 298.44060376999573 817992100
369 298.44060376999573 819991700
370 298.44060376999573 821991800
371 298.44060376999573 822991800
372 298.44060376999573 825991500
373 298.44060376999573 828992000
374 298.44060376999573 831991700
375 298.44060376999573 834992300
376 298.44060376999573 836991200
377 298.44060376999573 838991700
378 298.44060376999573 840992200
379 298.44060376999573 842991900
380 298.44060376999573 845992000
381 298.44060376999573 847992000
382 298.44060376999573 850992100
383 298.44060376999573 852992000
384 298.44060376999573 855991800
385 298.44060376999573 857992900
386 298.44060376999573 860992100
387 298.44060376999573 861991900
388 298.44060376999573 863991700
389 298.44060376999573 865991500
390 298.44060376999573 866991600
391 298.44060376999573 868991400
392 298.44060376999573 870991400
393 298.44060376999573 871991500
394 298.44060376999573 873991800
395 298.44060376999573 874992400
396 298.44060376999573 876991400
397 298.44060376999573 877991000
398 298.44060376999573 879991700
399 298.44060376999573 880991300
400 298.44060376999573 882991300
401 298.44060376999573 883993200
402 298.44060376999573 884991400
403 298.44060376999573 886992300
404 298.44060376999573 888992300
405 298.44060376999573 889993100
406 298.44060376999573 891992700
407 298.44060376999573 892992800
408 298.44060376999573 896991800
409 298.44060376999573 898992100
410 298.44060376999573 901991900
411 298.44060376999573 904991800
412 298.44060376999573 905991700
413 298.44060376999573 907991400
414 298.44060376999573 908992200
415 298.44060376999573 910991600
416 298.44060376999573 911991300
417 298.44060376999573 913991200
418 298.44060376999573 914995500
419 298.44060376999573 916993400
420 298.44060376999573 918992600
421 298.44060376999573 919992500
422 298.44060376999573 921991400
423 298.44060376999573 923025700
424 298.44060376999573 925025000
425 298.44060376999573 925993000
426 298.44060376999573 927991900
427 298.44060376999573 929026100
428 298.44060376999573 930028100
429 298.44060376999573 932025300
430 298.44060376999573 933027400
431 298.44060376999573 935026100
432 298.44060376999573 936026300
433 298.44060376999573 938017100
434 298.44060376999573 939025800
435 298.44060376999573 940992200
436 298.44060376999573 941993800
437 298.44060376999573 943992600
438 298.44060376999573 944992400
439 298.44060376999573 946991600
440 298.44060376999573 947991000
441 298.44060376999573 949991600
442 298.44060376999573 950991400
443 298.44060376999573 952992200
444 298.44060376999573 953991700
445 298.44060376999573 955991700
446 298.44060376999573 957027100
447 298.44060376999573 958027900
448 298.44060376999573 960025400
449 298.44060376999573 961029600
450 298.44060376999573 963025600
451 298.44060376999573 963991900
452 298.44060376999573 966028200
453 298.44060376999573 967024700
454 298.44060376999573 970996500
455 298.44060376999573 973992100
456 298.44060376999573 976995500
457 298.44060376999573 978994400
458 298.44060376999573 982995800
459 298.44060376999573 985994200
460 298.44060376999573 989025100
461 298.44060376999573 989991900
462 298.44060376999573 991991300
463 298.44060376999573 992991500
464 298.44060376999573 994992400
465 298.44060376999573 996991400
466 298.44060376999573 997996700
467 298.44060376999573 999991300
468 298.44060376999573 1000991500
469 298.44060376999573 1002991500
470 298.44060376999573 1003991400
471 298.44060376999573 1005991400
472 298.44060376999573 1006991500
473 298.44060376999573 1008991400
474 298.44060376999573 1009991400
475 298.44060376999573 1010991400
476 298.44060376999573 1012991300
477 298.44060376999573 1014991500
478 298.44060376999573 1016991300
479 298.44060376999573 1018991400
480 298.44060376999573 1020991600
481 298.44060376999573 1022991600
482 298.44060376999573 1023991700
483 298.44060376999573 1025991200
484 298.44060376999573 1026991600
485 298.44060376999573 1028991400
486 298.44060376999573 1030993400
487 298.44060376999573 1034023800
488 298.44060376999573 1037016900
489 298.44060376999573 1040017600
490 298.44060376999573 1041993300
491 298.44060376999573 1043991500
492 298.44060376999573 1044991500
493 298.44060376999573 1046991600
494 298.44060376999573 1047992300
495 298.44060376999573 1049991500
496 298.44060376999573 1050991400
497 298.44060376999573 1051991500
498 298.44060376999573 1053991100
499 298.44060376999573 1054991500
Best cost: 298.44060376999573
Path taken: 5 9 10 15 13 8 7 12 4 2 0 11 6 3 14 1