Problem size: large
0 1291.4577285582775 70996500
1 1286.6994782928073 141997400
2 1286.6994782928073 195997200
3 1286.6994782928073 248998100
4 1286.6994782928073 288998500
5 1244.3897918257196 335996900
6 1244.3897918257196 378997000
7 1212.9724579228662 431029300
8 1212.9724579228662 483997100
9 1212.9724579228662 533997000
10 1212.9724579228662 572997400
11 1212.9724579228662 619996600
12 1212.9724579228662 662997400
13 1179.2998139803865 703997000
14 1179.2998139803865 750996400
15 1179.2998139803865 796028700
16 1179.2998139803865 840996400
17 1150.7339561715069 880997300
18 1150.7339561715069 921998500
19 1150.7339561715069 965996900
20 1077.7579245556005 1017997100
21 1077.7579245556005 1058997000
22 1077.7579245556005 1104000300
23 1077.7579245556005 1161999300
24 1077.7579245556005 1217996100
25 1077.7579245556005 1293998300
26 1077.7579245556005 1345997100
27 1077.7579245556005 1393996600
28 1077.7579245556005 1445996400
29 1077.7579245556005 1499996800
30 1077.7579245556005 1549996800
31 1077.7579245556005 1591998800
32 1077.7579245556005 1645997000
33 1077.7579245556005 1701998300
34 1077.7579245556005 1745996500
35 1077.7579245556005 1791996300
36 1077.7579245556005 1843996400
37 1077.7579245556005 1887996400
38 1077.7579245556005 1939996500
39 1077.7579245556005 1984997400
40 1077.7579245556005 2024999400
41 1077.7579245556005 2067997200
42 1077.7579245556005 2111996600
43 1077.7579245556005 2160996800
44 1077.7579245556005 2201999400
45 1077.7579245556005 2242000200
46 1061.5307583828255 2286997500
47 1061.5307583828255 2343028200
48 1049.704593281628 2399044800
49 1049.704593281628 2455036900
50 1049.704593281628 2496997600
51 1049.704593281628 2549999500
52 1049.704593281628 2604996400
53 1049.704593281628 2651996900
54 1049.704593281628 2699996600
55 1009.8538830457904 2753996400
56 1009.8538830457904 2803996300
57 1009.8538830457904 2843997400
58 1009.8538830457904 2888999000
59 1009.8538830457904 2928998800
60 1009.8538830457904 2979996700
61 1009.8538830457904 3028996500
62 1009.8538830457904 3069996700
63 990.0832190087121 3109996600
64 990.0832190087121 3149997400
65 990.0832190087121 3192997900
66 990.0832190087121 3232996800
67 990.0832190087121 3280996000
68 990.0832190087121 3330996400
69 990.0832190087121 3371996400
70 990.0832190087121 3411998600
71 990.0832190087121 3452000800
72 990.0832190087121 3492996400
73 990.0832190087121 3532997100
74 990.0832190087121 3573996500
75 990.0832190087121 3614996400
76 986.1928631687504 3665996300
77 986.1928631687504 3705997100
78 952.8921832037927 3746996100
79 952.8921832037927 3798526500
80 952.8921832037927 3854525700
81 952.8921832037927 3894528300
82 919.1110454216674 3942525700
83 919.1110454216674 3982527900
84 919.1110454216674 4023526600
85 919.1110454216674 4064525700
86 919.1110454216674 4115526600
87 886.4031252182584 4159525600
88 886.4031252182584 4199525700
89 886.4031252182584 4239525900
90 886.4031252182584 4282526100
91 886.4031252182584 4338525700
92 886.4031252182584 4401552500
93 834.025273198664 4442526600
94 834.025273198664 4484528000
95 834.025273198664 4525527300
96 834.025273198664 4570526100
97 834.025273198664 4619526600
98 834.025273198664 4667525600
99 834.025273198664 4716526700
100 834.025273198664 4759527200
101 834.025273198664 4817551900
102 834.025273198664 4857525700
103 834.025273198664 4903527000
104 791.5846835642592 4944526000
105 791.5846835642592 4984526600
106 791.5846835642592 5032526000
107 791.5846835642592 5086526000
108 791.5846835642592 5127526100
109 791.5846835642592 5175526100
110 791.5846835642592 5218527900
111 791.5846835642592 5259527600
112 791.5846835642592 5303526400
113 791.5846835642592 5360569100
114 791.5846835642592 5413526600
115 791.5846835642592 5457525500
116 791.5846835642592 5509526100
117 791.5846835642592 5551525900
118 791.5846835642592 5599529000
119 791.5846835642592 5651527000
120 791.5846835642592 5698182600
121 791.5846835642592 5738183800
122 791.5846835642592 5786183500
123 791.5846835642592 5827183200
124 791.5846835642592 5868181600
125 791.5846835642592 5908184500
126 791.5846835642592 5950183900
127 791.5846835642592 5990184200
128 791.5846835642592 6032184400
129 764.9977632400958 6081185400
130 764.9977632400958 6131181500
131 764.9977632400958 6174182900
132 764.9977632400958 6230182000
133 764.9977632400958 6271182200
134 759.0225508364387 6314182400
135 759.0225508364387 6371184900
136 759.0225508364387 6414185400
137 759.0225508364387 6460186600
138 759.0225508364387 6501182100
139 759.0225508364387 6542181800
140 759.0225508364387 6590182700
141 759.0225508364387 6639182700
142 759.0225508364387 6685181800
143 759.0225508364387 6737182200
144 759.0225508364387 6787181500
145 759.0225508364387 6846182000
146 759.0225508364387 6887182000
147 759.0225508364387 6936182000
148 759.0225508364387 6988181900
149 759.0225508364387 7033184000
150 754.8287060924463 7079183400
151 754.8287060924463 7122182900
152 754.8287060924463 7164182600
153 740.6301572624377 7205182200
154 740.6301572624377 7253181900
155 740.6301572624377 7294182100
156 740.6301572624377 7356181700
157 740.6301572624377 7397181600
158 740.6301572624377 7437183000
159 740.6301572624377 7477186100
160 740.6301572624377 7518183900
161 740.6301572624377 7570219700
162 740.6301572624377 7611218800
163 740.6301572624377 7651181600
164 740.6301572624377 7694185200
165 740.6301572624377 7734185500
166 740.6301572624377 7774186200
167 740.6301572624377 7821225500
168 740.6301572624377 7862219200
169 740.6301572624377 7903183100
170 724.8662446460842 7944228100
171 724.8662446460842 7984184000
172 724.8662446460842 8025182400
173 724.8662446460842 8066182700
174 724.8662446460842 8106183900
175 724.8662446460842 8151182100
176 724.8662446460842 8201181900
177 707.270658462609 8253182800
178 707.270658462609 8313182200
179 707.270658462609 8354181800
180 707.270658462609 8394182200
181 707.270658462609 8435184100
182 707.270658462609 8476183600
183 707.270658462609 8535183100
184 707.270658462609 8582181900
185 707.270658462609 8622182500
186 707.270658462609 8663182000
187 707.270658462609 8713183000
188 707.270658462609 8758182100
189 707.270658462609 8798181800
190 707.270658462609 8843182600
191 707.270658462609 8893183700
192 707.270658462609 8946181700
193 707.270658462609 8989182000
194 707.270658462609 9029183100
195 707.270658462609 9075182500
196 707.270658462609 9122181700
197 707.270658462609 9170182600
198 707.270658462609 9211181900
199 707.270658462609 9251184400
200 707.270658462609 9303183400
201 707.270658462609 9351211200
202 701.4364403609926 9409181900
203 701.4364403609926 9452182000
204 701.4364403609926 9493181900
205 701.4364403609926 9533182000
206 701.4364403609926 9581181800
207 701.4364403609926 9625183300
208 701.4364403609926 9666185200
209 701.4364403609926 9711210600
210 701.4364403609926 9765211200
211 701.4364403609926 9816181900
212 701.4364403609926 9857182200
213 701.4364403609926 9916181500
214 701.4364403609926 9956182000
215 701.4364403609926 10026182500
216 701.4364403609926 10070182000
217 701.4364403609926 10116181600
218 701.4364403609926 10168182000
219 701.4364403609926 10218182000
220 701.4364403609926 10263183800
221 701.4364403609926 10304183800
222 701.4364403609926 10350214600
223 701.4364403609926 10390217200
224 701.4364403609926 10441182600
225 696.1754304098275 10499420200
226 696.1754304098275 10540420300
227 696.1754304098275 10593408700
228 696.1754304098275 10633381600
229 696.1754304098275 10681381900
230 696.1754304098275 10725382300
231 696.1754304098275 10773381800
232 696.1754304098275 10819381500
233 696.1754304098275 10859382600
234 696.1754304098275 10906381500
235 696.1754304098275 10953382400
236 696.1754304098275 11005382800
237 696.1754304098275 11045382600
238 696.1754304098275 11090382200
239 696.1754304098275 11142381400
240 696.1754304098275 11182382400
241 677.9401178253199 11235383600
242 677.9401178253199 11276383200
243 677.9401178253199 11334382900
244 677.9401178253199 11375381400
245 677.9401178253199 11415381500
246 677.9401178253199 11476382300
247 677.9401178253199 11527382200
248 677.9401178253199 11570383100
249 677.9401178253199 11611383100
250 677.9401178253199 11651383800
251 677.9401178253199 11712382800
252 677.9401178253199 11766382200
253 677.9401178253199 11825382400
254 677.9401178253199 11884910100
255 677.9401178253199 11925910000
256 677.9401178253199 11974910500
257 657.5001224487592 12020910900
258 657.5001224487592 12067910000
259 657.5001224487592 12108909600
260 657.5001224487592 12163909500
261 657.5001224487592 12212909700
262 657.5001224487592 12253909800
263 657.5001224487592 12296910900
264 657.5001224487592 12344909600
265 657.5001224487592 12384910400
266 657.5001224487592 12424910400
267 657.5001224487592 12469910900
268 657.5001224487592 12521910000
269 657.5001224487592 12568910200
270 657.5001224487592 12608913700
271 657.5001224487592 12649912600
272 657.5001224487592 12689913900
273 657.5001224487592 12746909700
274 657.5001224487592 12787909800
275 657.5001224487592 12837910800
276 657.5001224487592 12891911500
277 657.5001224487592 12934911300
278 657.5001224487592 12984910200
279 657.5001224487592 13026910300
280 657.5001224487592 13068909200
281 657.5001224487592 13109909500
282 657.5001224487592 13150910900
283 657.5001224487592 13195909300
284 657.5001224487592 13265932600
285 657.5001224487592 13318909800
286 657.5001224487592 13365909800
287 657.5001224487592 13426909700
288 657.5001224487592 13466909500
289 657.5001224487592 13515910000
290 657.5001224487592 13555909700
291 657.5001224487592 13600909600
292 657.5001224487592 13640910500
293 657.5001224487592 13681909600
294 657.5001224487592 13730909400
295 657.5001224487592 13786909200
296 657.5001224487592 13826912000
297 657.5001224487592 13867913200
298 657.5001224487592 13913953900
299 657.5001224487592 13953912300
300 657.5001224487592 14017910100
301 657.5001224487592 14060911700
302 657.5001224487592 14109967900
303 657.5001224487592 14155909600
304 657.5001224487592 14195913100
305 657.5001224487592 14243911000
306 657.5001224487592 14290911100
307 657.5001224487592 14341909300
308 657.5001224487592 14393911000
309 657.5001224487592 14433909700
310 657.5001224487592 14474909300
311 657.5001224487592 14515910000
312 657.5001224487592 14562942200
313 657.5001224487592 14603912100
314 657.5001224487592 14658909700
315 657.5001224487592 14698913600
316 657.5001224487592 14739913100
317 657.5001224487592 14779913600
318 657.5001224487592 14829910200
319 657.5001224487592 14877909700
320 657.5001224487592 14917912300
321 657.5001224487592 14959912200
322 657.5001224487592 15001936300
323 657.5001224487592 15042938000
324 657.5001224487592 15083937700
325 657.5001224487592 15131910700
326 657.5001224487592 15173936100
327 657.5001224487592 15213911700
328 657.5001224487592 15255909600
329 657.5001224487592 15295910300
330 657.5001224487592 15336910700
331 657.5001224487592 15377911800
332 657.5001224487592 15420939600
333 657.5001224487592 15464946000
334 657.5001224487592 15514910100
335 657.5001224487592 15561909500
336 657.5001224487592 15613910000
337 657.5001224487592 15656909900
338 657.5001224487592 15708910800
339 657.5001224487592 15748909300
340 657.5001224487592 15816909800
341 657.5001224487592 15889909700
342 657.5001224487592 15947909600
343 657.5001224487592 15987910500
344 657.5001224487592 16028909500
345 657.5001224487592 16079909500
346 657.5001224487592 16129911400
347 657.5001224487592 16170910400
348 657.5001224487592 16213909700
349 657.5001224487592 16257909600
350 657.5001224487592 16311909600
351 657.5001224487592 16390910200
352 657.5001224487592 16431909300
353 657.5001224487592 16471911800
354 657.5001224487592 16512910900
355 657.5001224487592 16552913400
356 657.5001224487592 16601957700
357 657.5001224487592 16648947700
358 657.5001224487592 16688948100
359 657.5001224487592 16735909500
360 657.5001224487592 16775910200
361 657.5001224487592 16816909600
362 657.5001224487592 16857912700
363 657.5001224487592 16898909600
364 657.5001224487592 16945913600
365 657.5001224487592 16993910700
366 657.5001224487592 17044909300
367 657.5001224487592 17085912200
368 657.5001224487592 17128910900
369 657.5001224487592 17181942300
370 657.5001224487592 17225912200
371 657.5001224487592 17265912100
372 657.5001224487592 17310911000
373 657.5001224487592 17363947800
374 657.5001224487592 17408937700
375 657.5001224487592 17448909600
376 657.5001224487592 17498911000
377 657.5001224487592 17558909900
378 657.5001224487592 17610910200
379 657.5001224487592 17651911200
380 657.5001224487592 17691910600
381 657.5001224487592 17737909500
382 657.5001224487592 17777910500
383 652.8313494229258 17824910700
384 652.8313494229258 17879910300
385 652.8313494229258 17925418200
386 652.8313494229258 17967419000
387 652.8313494229258 18017419600
388 652.8313494229258 18068418300
389 652.8313494229258 18116418200
390 652.8313494229258 18156418600
391 652.8313494229258 18196417700
392 652.8313494229258 18236425300
393 652.8313494229258 18280418700
394 652.8313494229258 18330417800
395 652.8313494229258 18385453400
396 652.8313494229258 18434418000
397 652.8313494229258 18483418900
398 652.8313494229258 18536418000
399 652.8313494229258 18588420000
400 652.8313494229258 18629449900
401 652.8313494229258 18687455400
402 652.8313494229258 18733453000
403 652.8313494229258 18774419100
404 652.8313494229258 18820419000
405 652.8313494229258 18861418400
406 652.8313494229258 18903444800
407 652.8313494229258 18944419500
408 652.8313494229258 18985418600
409 652.8313494229258 19027417800
410 652.8313494229258 19072417500
411 652.8313494229258 19133418200
412 652.8313494229258 19185417900
413 652.8313494229258 19246419300
414 652.8313494229258 19299418700
415 652.8313494229258 19339419000
416 652.8313494229258 19379417800
417 652.8313494229258 19423417700
418 652.8313494229258 19469418100
419 652.8313494229258 19523418200
420 652.8313494229258 19564417700
421 652.8313494229258 19605418200
422 652.8313494229258 19646417600
423 652.8313494229258 19694418300
424 652.8313494229258 19735419000
425 652.8313494229258 19777418600
426 652.8313494229258 19817418300
427 652.8313494229258 19857420200
428 652.8313494229258 19901417300
429 652.8313494229258 19949418200
430 652.8313494229258 19995417900
431 652.8313494229258 20040418300
432 652.8313494229258 20093418300
433 652.8313494229258 20134445800
434 652.8313494229258 20197418100
435 652.8313494229258 20241418100
436 652.8313494229258 20281418900
437 652.8313494229258 20327419200
438 652.8313494229258 20367418500
439 652.8313494229258 20409418600
440 652.8313494229258 20450417700
441 652.8313494229258 20500418700
442 652.8313494229258 20542418300
443 652.8313494229258 20587418500
444 652.8313494229258 20627418300
445 652.8313494229258 20670418000
446 652.8313494229258 20710420500
447 652.8313494229258 20760418300
448 652.8313494229258 20801420600
449 652.8313494229258 20842419200
450 652.8313494229258 20888418000
451 652.8313494229258 20935417800
452 652.8313494229258 20997417700
453 652.8313494229258 21041417600
454 652.8313494229258 21081419300
455 652.8313494229258 21128419500
456 652.8313494229258 21169419000
457 652.8313494229258 21216419600
458 652.8313494229258 21277418100
459 652.8313494229258 21321417800
460 652.8313494229258 21361418900
461 652.8313494229258 21401418400
462 652.8313494229258 21441418700
463 652.8313494229258 21481417600
464 652.8313494229258 21521418300
465 652.8313494229258 21575418100
466 652.8313494229258 21621422000
467 652.8313494229258 21663419800
468 652.8313494229258 21709448400
469 652.8313494229258 21750419100
470 652.8313494229258 21792418300
471 652.8313494229258 21834418000
472 652.8313494229258 21887417600
473 652.8313494229258 21942417200
474 652.8313494229258 21982417300
475 652.8313494229258 22026418100
476 652.8313494229258 22066427100
477 652.8313494229258 22107418800
478 652.8313494229258 22151418300
479 652.8313494229258 22191418300
480 652.8313494229258 22231418400
481 652.8313494229258 22277418200
482 652.8313494229258 22330418800
483 652.8313494229258 22380444200
484 652.8313494229258 22441418900
485 652.8313494229258 22482420500
486 652.8313494229258 22523421100
487 652.8313494229258 22564449100
488 652.8313494229258 22614443500
489 652.8313494229258 22659418900
490 652.8313494229258 22699417300
491 652.8313494229258 22739418800
492 652.8313494229258 22779418200
493 652.8313494229258 22841417400
494 652.8313494229258 22894417500
495 652.8313494229258 22934417500
496 652.8313494229258 22982417500
497 652.8313494229258 23022417700
498 652.8313494229258 23077418100
499 652.8313494229258 23118420800
Best cost: 652.8313494229258
Path taken: 63 8 56 47 0 61 28 7 5 22 25 14 40 58 16 60 1 33 32 54 19 2 20 3 27 52 15 21 45 34 26 62 10 9 51 24 6 29 31 48 18 36 42 30 38 11 41 50 55 37 46 39 13 44 4 59 53 57 17 12 43 23 49 35