Problem size: medium
0 694.1575080028238 35999700
1 655.767208602942 75000900
2 623.251091769674 108999500
3 614.8542539039379 135999600
4 600.861464813443 161999300
5 573.5951415475515 187999400
6 573.5951415475515 214999500
7 573.5951415475515 240999300
8 573.5951415475515 266999300
9 573.5951415475515 292999300
10 573.5951415475515 319999300
11 573.5951415475515 346999600
12 573.5951415475515 373999500
13 573.5951415475515 400999600
14 573.5951415475515 427999600
15 573.5951415475515 453999800
16 573.5951415475515 479999300
17 573.5951415475515 506999400
18 573.5951415475515 532999300
19 573.5951415475515 558999300
20 573.5951415475515 589002500
21 573.5951415475515 615999900
22 555.6880520308674 648002200
23 506.8311525285374 680001300
24 506.8311525285374 713003300
25 506.8311525285374 747000000
26 506.8311525285374 779000000
27 506.8311525285374 808683500
28 506.8311525285374 835001800
29 506.8311525285374 862999500
30 506.8311525285374 890654400
31 506.8311525285374 921654000
32 506.8311525285374 951653800
33 506.8311525285374 977654000
34 506.8311525285374 1004657000
35 506.8311525285374 1031656900
36 506.8311525285374 1058657700
37 506.8311525285374 1093654300
38 506.8311525285374 1124655200
39 506.8311525285374 1164654600
40 506.8311525285374 1208656100
41 506.8311525285374 1258654300
42 506.8311525285374 1297654400
43 506.8311525285374 1328658200
44 506.8311525285374 1357657100
45 506.8311525285374 1386170100
46 506.8311525285374 1412678400
47 506.8311525285374 1440678600
48 506.8311525285374 1467678600
49 500.6830674124551 1494187200
50 500.6830674124551 1521187100
51 500.6830674124551 1550187000
52 500.6830674124551 1578187200
53 500.6830674124551 1607189200
54 500.6830674124551 1636207900
55 500.6830674124551 1664205500
56 500.6830674124551 1693242700
57 500.6830674124551 1721205800
58 500.6830674124551 1747205500
59 500.6830674124551 1781207400
60 500.6830674124551 1809206400
61 500.6830674124551 1837205300
62 500.6830674124551 1866207200
63 500.6830674124551 1905206600
64 500.6830674124551 1939208000
65 500.6830674124551 1972205300
66 500.6830674124551 2004205200
67 489.9185446635909 2037205100
68 489.9185446635909 2064205900
69 489.9185446635909 2090205400
70 489.9185446635909 2116207400
71 489.9185446635909 2143205900
72 487.1744597391733 2178205900
73 462.91910960921825 2205205700
74 462.91910960921825 2231205600
75 462.91910960921825 2257205700
76 462.91910960921825 2282205400
77 462.91910960921825 2309205600
78 462.91910960921825 2335207700
79 462.91910960921825 2361207800
80 462.91910960921825 2387208500
81 462.91910960921825 2413209100
82 462.91910960921825 2441232700
83 462.91910960921825 2468205500
84 462.91910960921825 2495236100
85 462.91910960921825 2521205300
86 462.91910960921825 2548205700
87 462.91910960921825 2574207900
88 462.91910960921825 2600207100
89 462.91910960921825 2627208900
90 445.6074132455813 2653205600
91 445.6074132455813 2679205600
92 445.6074132455813 2707205700
93 445.6074132455813 2735205800
94 445.6074132455813 2765206200
95 445.6074132455813 2794205900
96 445.6074132455813 2822205700
97 445.6074132455813 2850206900
98 445.6074132455813 2886206700
99 445.6074132455813 2921207200
100 442.5110829869613 2957205700
101 442.5110829869613 3007207300
102 442.5110829869613 3044205600
103 442.5110829869613 3071205400
104 442.5110829869613 3099207900
105 442.5110829869613 3126207900
106 442.5110829869613 3152208800
107 442.5110829869613 3180211000
108 442.5110829869613 3210209100
109 442.5110829869613 3237208600
110 442.5110829869613 3268209300
111 442.5110829869613 3304205100
112 442.5110829869613 3331206100
113 442.5110829869613 3357204500
114 442.5110829869613 3394217500
115 442.5110829869613 3421208900
116 442.5110829869613 3448207500
117 442.5110829869613 3481205800
118 442.5110829869613 3511207000
119 442.5110829869613 3538208100
120 442.5110829869613 3564207200
121 442.5110829869613 3591205600
122 442.5110829869613 3618205700
123 442.5110829869613 3644205400
124 442.5110829869613 3671204900
125 442.5110829869613 3699205000
126 442.5110829869613 3726204500
127 442.5110829869613 3753208400
128 441.4919378579706 3780210200
129 441.4919378579706 3808210000
130 441.4919378579706 3835205100
131 441.4919378579706 3865205700
132 441.4919378579706 3893205500
133 441.4919378579706 3920205700
134 441.4919378579706 3947205600
135 427.68031457025677 3973205400
136 427.47133504090897 4004205200
137 427.47133504090897 4030205000
138 427.47133504090897 4063207600
139 427.47133504090897 4099205600
140 427.47133504090897 4137209000
141 427.47133504090897 4177205700
142 427.47133504090897 4210208800
143 427.47133504090897 4237208700
144 427.47133504090897 4264209300
145 427.47133504090897 4291208600
146 427.47133504090897 4318206600
147 427.47133504090897 4345206500
148 427.47133504090897 4372205600
149 427.47133504090897 4398208700
150 427.47133504090897 4425209100
151 427.47133504090897 4457206000
152 427.47133504090897 4484205600
153 427.47133504090897 4512205600
154 427.47133504090897 4538205400
155 427.47133504090897 4566205700
156 427.47133504090897 4593205700
157 427.47133504090897 4620208300
158 427.47133504090897 4648208800
159 427.47133504090897 4674209100
160 427.47133504090897 4700231100
161 427.47133504090897 4727209900
162 427.47133504090897 4753242400
163 427.47133504090897 4779214200
164 427.47133504090897 4805231800
165 427.47133504090897 4832205400
166 427.47133504090897 4859208900
167 427.47133504090897 4886205600
168 427.47133504090897 4911205400
169 427.47133504090897 4938206300
170 427.47133504090897 4964208300
171 427.47133504090897 4990208300
172 427.47133504090897 5017208500
173 427.47133504090897 5043209100
174 427.47133504090897 5070205500
175 427.47133504090897 5096232300
176 427.47133504090897 5122206300
177 427.47133504090897 5148205400
178 427.47133504090897 5174205300
179 427.47133504090897 5200208500
180 427.47133504090897 5226208300
181 427.47133504090897 5252208500
182 427.47133504090897 5278208900
183 427.47133504090897 5304208800
184 426.22046175009484 5330208800
185 426.22046175009484 5356209600
186 426.22046175009484 5382208700
187 426.22046175009484 5408208900
188 426.22046175009484 5434209800
189 426.22046175009484 5460208900
190 426.22046175009484 5490231200
191 426.22046175009484 5518209500
192 426.22046175009484 5544208800
193 426.22046175009484 5571209100
194 426.22046175009484 5597206200
195 426.22046175009484 5624209000
196 426.22046175009484 5650206100
197 426.22046175009484 5677205700
198 426.22046175009484 5703205500
199 426.22046175009484 5729205400
200 426.22046175009484 5755205400
201 426.22046175009484 5795212000
202 426.22046175009484 5824205500
203 426.22046175009484 5851205600
204 424.5945014637731 5877207600
205 424.5945014637731 5904207800
206 424.5945014637731 5930209000
207 424.5945014637731 5956208700
208 424.5945014637731 5983209000
209 424.5945014637731 6009239000
210 424.5945014637731 6036777300
211 424.5945014637731 6063900400
212 424.5945014637731 6089931800
213 424.5945014637731 6115952600
214 424.5945014637731 6141984600
215 424.5945014637731 6169016900
216 423.53741604458503 6195037700
217 423.53741604458503 6221075800
218 423.53741604458503 6247146400
219 423.53741604458503 6273121200
220 423.53741604458503 6299152900
221 423.53741604458503 6325173900
222 423.53741604458503 6352170500
223 423.53741604458503 6378170500
224 423.53741604458503 6405170600
225 423.53741604458503 6431170400
226 423.53741604458503 6457206900
227 423.53741604458503 6483204500
228 423.53741604458503 6509170400
229 423.53741604458503 6535170300
230 423.53741604458503 6561170400
231 423.53741604458503 6587173300
232 423.53741604458503 6613173100
233 423.53741604458503 6639262800
234 423.53741604458503 6666262800
235 423.53741604458503 6692262200
236 423.53741604458503 6718262200
237 423.53741604458503 6743261900
238 423.53741604458503 6769262100
239 423.53741604458503 6796265200
240 423.53741604458503 6823262900
241 423.53741604458503 6849261800
242 423.53741604458503 6876262200
243 423.53741604458503 6902262200
244 423.53741604458503 6928266800
245 421.38935318514314 6955276000
246 421.38935318514314 6981262700
247 421.38935318514314 7019304000
248 421.38935318514314 7045304000
249 421.38935318514314 7071306000
250 421.38935318514314 7097306100
251 421.38935318514314 7124321000
252 421.38935318514314 7151354200
253 421.38935318514314 7178387400
254 421.38935318514314 7204408300
255 421.38935318514314 7230439300
256 419.3723875012353 7255459900
257 419.3723875012353 7282488300
258 419.3723875012353 7308487900
259 419.3723875012353 7334488000
260 419.3723875012353 7360488900
261 419.3723875012353 7385487700
262 419.3723875012353 7411487700
263 419.3723875012353 7437487900
264 419.3723875012353 7463487900
265 419.3723875012353 7489487900
266 419.3723875012353 7515488300
267 419.3723875012353 7541487700
268 419.3723875012353 7567487900
269 419.3723875012353 7593487800
270 419.3723875012353 7619487800
271 419.3723875012353 7645487900
272 419.3723875012353 7671490500
273 419.3723875012353 7697490600
274 419.3723875012353 7723512700
275 419.3723875012353 7749544000
276 419.3723875012353 7775565500
277 419.3723875012353 7801596200
278 419.3723875012353 7827660100
279 419.3723875012353 7854650500
280 419.3723875012353 7880684700
281 419.3723875012353 7906702400
282 419.3723875012353 7932702300
283 419.3723875012353 7959705600
284 419.3723875012353 7984705000
285 419.3723875012353 8011717600
286 419.3723875012353 8037789000
287 419.3723875012353 8063770700
288 419.3723875012353 8089803400
289 419.3723875012353 8116803200
290 419.3723875012353 8142803800
291 419.3723875012353 8168803700
292 419.3723875012353 8194803200
293 419.3723875012353 8221804200
294 419.3723875012353 8247800400
295 419.3723875012353 8273800100
296 419.3723875012353 8299800000
297 419.3723875012353 8325803500
298 419.3723875012353 8351803300
299 419.3723875012353 8378804000
300 419.3723875012353 8404803700
301 419.3723875012353 8433802800
302 419.3723875012353 8472800800
303 419.3723875012353 8504800000
304 419.3723875012353 8531800600
305 419.2809128860912 8557799900
306 419.2809128860912 8583800000
307 419.2809128860912 8609800000
308 419.2809128860912 8635800000
309 419.2809128860912 8661800200
310 419.2809128860912 8687800400
311 419.2809128860912 8713800300
312 419.2809128860912 8739800200
313 419.2809128860912 8765800400
314 419.2809128860912 8791800300
315 419.2809128860912 8817800100
316 419.2809128860912 8843800000
317 419.2809128860912 8870803700
318 419.2809128860912 8895799900
319 419.2809128860912 8921801800
320 419.2809128860912 8947801800
321 419.2809128860912 8973803100
322 419.2809128860912 8999800100
323 419.2809128860912 9025799900
324 419.2809128860912 9051800000
325 419.2809128860912 9077799900
326 419.2809128860912 9103800000
327 419.2809128860912 9129800100
328 419.2809128860912 9155801500
329 419.2809128860912 9181800000
330 419.2809128860912 9207800200
331 419.2809128860912 9233800100
332 419.2809128860912 9259799900
333 419.2809128860912 9285800000
334 419.2809128860912 9313800000
335 419.2809128860912 9339800000
336 419.2809128860912 9365799900
337 419.2809128860912 9391800100
338 419.2809128860912 9418800200
339 419.2809128860912 9444800200
340 419.2809128860912 9470802100
341 419.2809128860912 9496802300
342 419.2809128860912 9522803400
343 419.2809128860912 9549801000
344 419.2809128860912 9575800500
345 419.2809128860912 9602801000
346 419.2809128860912 9628800300
347 419.2809128860912 9655800300
348 419.2809128860912 9681799900
349 419.2809128860912 9708802500
350 419.2809128860912 9733801700
351 419.2809128860912 9763800900
352 419.2809128860912 9792800100
353 419.2809128860912 9819800100
354 419.2809128860912 9846800200
355 419.2809128860912 9872799900
356 419.2809128860912 9898799900
357 419.2809128860912 9924800000
358 419.2809128860912 9950800000
359 419.2809128860912 9976799900
360 419.2809128860912 10002799900
361 419.2809128860912 10033801800
362 419.2809128860912 10060800100
363 419.2809128860912 10086800100
364 419.2809128860912 10112801900
365 419.2809128860912 10138801900
366 419.2809128860912 10165816600
367 419.2809128860912 10191858700
368 419.2809128860912 10217859000
369 419.2809128860912 10244859600
370 419.2809128860912 10270859100
371 419.2809128860912 10296858900
372 419.2809128860912 10322856300
373 419.2809128860912 10349855800
374 419.2809128860912 10375855700
375 419.2809128860912 10401855600
376 419.2809128860912 10427855600
377 419.2809128860912 10454855700
378 419.2809128860912 10480855700
379 419.2809128860912 10506855700
380 419.2809128860912 10532855700
381 419.2809128860912 10558855800
382 419.2809128860912 10585855800
383 419.2809128860912 10611858400
384 419.2809128860912 10639493500
385 419.2809128860912 10666671800
386 419.2809128860912 10692843300
387 419.2809128860912 10719875600
388 419.2809128860912 10745896400
389 419.2809128860912 10771928600
390 419.2809128860912 10798856000
391 419.2809128860912 10825855800
392 419.2809128860912 10851855500
393 419.2809128860912 10878905100
394 419.2809128860912 10904905100
395 419.2809128860912 10930905200
396 419.2809128860912 10956905200
397 419.2809128860912 10982905800
398 419.2809128860912 11009905500
399 419.2809128860912 11035905900
400 419.2809128860912 11067907100
401 419.2809128860912 11114905200
402 419.2809128860912 11141906300
403 419.2809128860912 11168905400
404 419.2809128860912 11195905300
405 419.2809128860912 11221906700
406 419.2809128860912 11247905200
407 419.2809128860912 11274905200
408 419.2809128860912 11300905400
409 419.2809128860912 11326906900
410 419.2809128860912 11353906600
411 419.2809128860912 11379905100
412 419.2809128860912 11414907900
413 419.2809128860912 11441905700
414 419.2809128860912 11468905300
415 419.2809128860912 11494905200
416 419.2809128860912 11520905000
417 419.2809128860912 11546905000
418 419.2809128860912 11573907400
419 419.2809128860912 11599905300
420 419.2809128860912 11625905300
421 419.2809128860912 11652905300
422 419.2809128860912 11678905500
423 419.2809128860912 11705905000
424 419.2809128860912 11732906700
425 419.2809128860912 11758905100
426 419.2809128860912 11785905400
427 419.2809128860912 11811905400
428 419.2809128860912 11837905600
429 419.2809128860912 11863905300
430 419.2809128860912 11889915500
431 419.2809128860912 11915907400
432 419.2809128860911 11941930300
433 419.2809128860911 11967810900
434 419.2809128860911 11995913200
435 419.2809128860911 12022883100
436 419.2809128860911 12048919300
437 419.2809128860911 12076052500
438 419.2809128860911 12103018800
439 419.2809128860911 12129018600
440 419.2809128860911 12155021300
441 419.2809128860911 12182021900
442 419.2809128860911 12208056300
443 419.2809128860911 12234077800
444 419.2809128860911 12260064300
445 419.2809128860911 12286086200
446 419.2809128860911 12313127400
447 419.2809128860911 12340155500
448 419.2809128860911 12366178900
449 419.2809128860911 12392211500
450 419.2809128860911 12418250700
451 419.2809128860911 12447146300
452 419.2809128860911 12474139800
453 419.2809128860911 12501139800
454 419.2809128860911 12528139900
455 419.2809128860911 12555139600
456 419.2809128860911 12582139600
457 419.2809128860911 12611143900
458 419.2809128860911 12638143400
459 419.2809128860911 12666170300
460 419.2809128860911 12692203000
461 419.2809128860911 12718238600
462 419.2809128860911 12744260000
463 419.2809128860911 12770304400
464 419.2809128860911 12797116900
465 419.2809128860911 12825070400
466 419.2809128860911 12851070400
467 419.2809128860911 12890067500
468 419.2809128860911 12916067100
469 419.2809128860911 12942067400
470 419.2809128860911 12968067300
471 419.2809128860911 12995067500
472 419.2809128860911 13021069200
473 419.2809128860911 13052067200
474 419.2809128860911 13078067400
475 419.2809128860911 13104067400
476 419.2809128860911 13130068200
477 419.2809128860911 13156067100
478 419.2809128860911 13182067200
479 419.2809128860911 13208067200
480 419.2809128860911 13234067100
481 419.2809128860911 13260067000
482 419.2809128860911 13287067200
483 419.2809128860911 13314067300
484 419.2809128860911 13340069700
485 419.2809128860911 13366069900
486 419.2809128860911 13392070400
487 419.2809128860911 13418067300
488 419.2809128860911 13444067200
489 419.2809128860911 13470067100
490 419.2809128860911 13497067400
491 419.2809128860911 13523067300
492 419.2809128860911 13549067500
493 419.2809128860911 13575067800
494 419.2809128860911 13601067100
495 419.2809128860911 13628067600
496 419.2809128860911 13654067700
497 419.2809128860911 13680067700
498 419.2809128860911 13707067900
499 419.2809128860911 13733067000
Best cost: 419.2809128860911
Path taken: 30 22 9 23 15 7 6 3 31 8 5 16 25 29 20 24 2 27 4 21 26 12 18 10 28 13 19 14 17 1 11 0