Problem size: medium
0 688.6754330041256 29000000
1 615.5304660560639 57003900
2 601.5084288041777 82996800
3 601.5084288041777 109999000
4 601.5084288041777 136005700
5 601.5084288041777 161999100
6 558.6042190338134 187999100
7 558.6042190338134 213001900
8 558.6042190338134 238999500
9 558.6042190338134 265000500
10 558.6042190338134 290998000
11 558.6042190338134 317002300
12 558.6042190338134 343000200
13 558.6042190338134 369002700
14 558.6042190338134 396001400
15 558.6042190338134 422000300
16 558.6042190338134 449003000
17 558.6042190338134 476002100
18 558.6042190338134 501999600
19 558.6042190338134 527999700
20 553.2485633981294 554971400
21 553.2485633981294 581001500
22 553.2485633981294 606999800
23 553.2485633981294 632970500
24 553.2485633981294 658999000
25 553.2485633981294 684995700
26 553.2485633981294 710999100
27 553.2485633981294 737002700
28 553.2485633981294 762999000
29 553.2485633981294 788994200
30 553.2485633981294 816002300
31 549.2717464837373 841998900
32 549.2717464837373 868000700
33 549.2717464837373 893999100
34 549.2717464837373 920167900
35 549.2717464837373 946175200
36 549.2717464837373 972153800
37 541.6834024758526 998155700
38 541.6834024758526 1024154600
39 541.6834024758526 1050153300
40 541.6834024758526 1076157600
41 541.6834024758526 1104161800
42 541.6834024758526 1133120800
43 541.6834024758526 1161120900
44 541.6834024758526 1190121300
45 541.6834024758526 1218147900
46 541.6834024758526 1247121300
47 541.6834024758526 1277122200
48 541.6834024758526 1306124800
49 541.6834024758526 1335121100
50 541.6834024758526 1364124900
51 541.6834024758526 1394124600
52 541.6834024758526 1422156400
53 541.6834024758526 1449120700
54 490.4245560646509 1476121800
55 490.4245560646509 1504153900
56 490.4245560646509 1531122200
57 490.4245560646509 1560121400
58 490.4245560646509 1588120800
59 490.4245560646509 1616121600
60 490.4245560646509 1643153100
61 490.4245560646509 1672121100
62 487.38632012702476 1699124100
63 487.38632012702476 1727122400
64 487.38632012702476 1753146600
65 487.38632012702476 1779122200
66 487.38632012702476 1804153900
67 487.38632012702476 1830154300
68 487.38632012702476 1856130700
69 487.38632012702476 1882154100
70 487.38632012702476 1908155100
71 487.38632012702476 1934151700
72 487.38632012702476 1961154300
73 487.38632012702476 1987153800
74 487.38632012702476 2013151000
75 473.69897470533607 2038154400
76 473.69897470533607 2064155200
77 473.69897470533607 2090152300
78 473.69897470533607 2116139700
79 473.69897470533607 2141155700
80 473.69897470533607 2167153900
81 473.69897470533607 2193122100
82 473.69897470533607 2219122000
83 473.69897470533607 2245147200
84 473.69897470533607 2271277500
85 470.0574949008005 2297319100
86 464.79501312369945 2323317500
87 464.2566602125493 2349285300
88 464.2566602125493 2375318700
89 464.2566602125493 2401316400
90 463.88467538450607 2428316600
91 463.88467538450607 2453317000
92 463.88467538450607 2479320500
93 462.2836546023147 2505321100
94 462.2836546023147 2531317000
95 462.2836546023147 2557319200
96 462.2836546023147 2582318100
97 462.2836546023147 2608321400
98 462.2836546023147 2634311300
99 462.2836546023147 2660286900
100 462.2836546023147 2686286800
101 462.2836546023147 2715284900
102 462.2836546023147 2741286600
103 462.2836546023147 2767322500
104 462.2836546023147 2793286600
105 462.2836546023147 2819285100
106 462.2836546023147 2845316300
107 448.0135345529092 2871288100
108 448.0135345529092 2897288500
109 441.5932682268405 2924288700
110 441.5932682268405 2950288000
111 441.5932682268405 2976288500
112 441.5932682268405 3002288000
113 441.5932682268405 3028287900
114 441.5932682268405 3054284700
115 441.5932682268405 3081288600
116 441.5932682268405 3107288300
117 441.5932682268405 3133339800
118 433.9320501156144 3159340000
119 433.9320501156144 3185339400
120 433.9320501156144 3211339500
121 433.9320501156144 3237339100
122 433.9320501156144 3263339200
123 433.9320501156144 3289339600
124 433.9320501156144 3315339200
125 433.9320501156144 3342340200
126 433.9320501156144 3368340100
127 433.9320501156144 3394339700
128 433.9320501156144 3420340600
129 433.9320501156144 3446340200
130 433.9320501156144 3472339600
131 433.9320501156144 3498339900
132 433.9320501156144 3524339600
133 433.9320501156144 3550339200
134 433.9320501156144 3576339900
135 433.9320501156144 3603339700
136 433.9320501156144 3629339900
137 433.9320501156144 3655339000
138 433.9320501156144 3681339400
139 433.9320501156144 3707339400
140 433.9320501156144 3733339100
141 433.9320501156144 3759339500
142 433.9320501156144 3786340200
143 433.9320501156144 3812339700
144 433.9320501156144 3838339400
145 433.9320501156144 3864339200
146 433.9320501156144 3890339000
147 433.9320501156144 3916339600
148 433.9320501156144 3942339800
149 433.9320501156144 3968339200
150 433.9320501156144 3995339900
151 433.9320501156144 4033337200
152 433.9320501156144 4061336400
153 433.9320501156144 4087336500
154 433.9320501156144 4113336400
155 433.9320501156144 4139336200
156 433.9320501156144 4165336000
157 433.9320501156144 4191336000
158 433.9320501156144 4217336000
159 433.9320501156144 4243336100
160 433.9320501156144 4269338900
161 433.9320501156144 4295338800
162 433.9320501156144 4321339400
163 433.9320501156144 4348336300
164 433.9320501156144 4374336300
165 433.9320501156144 4400336100
166 433.9320501156144 4426339100
167 433.9320501156144 4452339300
168 433.9320501156144 4478339100
169 433.9320501156144 4504339300
170 433.9320501156144 4530339000
171 433.9320501156144 4556339500
172 433.9320501156144 4582339300
173 433.9320501156144 4608339200
174 433.9320501156144 4634339800
175 433.9320501156144 4660339200
176 433.9320501156144 4686340000
177 433.9320501156144 4712339700
178 433.9320501156144 4738339400
179 432.88063210538274 4764339200
180 429.7456587034453 4790339400
181 429.7456587034453 4817339800
182 429.7456587034453 4843339700
183 429.7456587034453 4869368500
184 429.7456587034453 4895367300
185 429.7456587034453 4921336300
186 429.7456587034453 4947336000
187 429.7456587034453 4973336000
188 429.7456587034453 4999336000
189 429.7456587034453 5025335900
190 429.7456587034453 5051336000
191 429.7456587034453 5077335900
192 429.7456587034453 5103335900
193 429.7456587034453 5129338800
194 429.7456587034453 5155338800
195 429.7456587034453 5181339300
196 429.7456587034453 5208339800
197 429.7456587034453 5234336900
198 429.7456587034453 5260341600
199 429.7456587034453 5286336200
200 429.7456587034453 5312336300
201 429.7456587034453 5340345700
202 429.7456587034453 5366338800
203 429.7456587034453 5392339100
204 429.7456587034453 5419340000
205 429.7456587034453 5445368400
206 429.7456587034453 5470369300
207 429.7456587034453 5496367500
208 429.7456587034453 5522367600
209 429.7456587034453 5548368500
210 429.7456587034453 5574407900
211 429.7456587034453 5600409100
212 429.7456587034453 5626410800
213 429.7456587034453 5652409200
214 429.7456587034453 5678407200
215 429.7456587034453 5704408700
216 429.7456587034453 5729405900
217 429.7456587034453 5755405800
218 429.7456587034453 5781406900
219 429.7456587034453 5807376000
220 429.7456587034453 5832406100
221 429.7456587034453 5858406300
222 429.7456587034453 5884409600
223 429.7456587034453 5910406000
224 429.7456587034453 5936406400
225 429.7456587034453 5962407700
226 429.7456587034453 5988409400
227 429.7456587034453 6014407300
228 429.7456587034453 6040407400
229 429.7456587034453 6066410200
230 429.7456587034453 6092410700
231 429.7456587034453 6118407200
232 429.7456587034453 6144378600
233 429.7456587034453 6170378600
234 429.7456587034453 6196378400
235 429.7456587034453 6222378300
236 420.40110504967186 6248378400
237 420.40110504967186 6274378200
238 420.40110504967186 6300378400
239 420.40110504967186 6327023000
240 420.40110504967186 6353020400
241 420.40110504967186 6379020100
242 420.40110504967186 6405020300
243 420.40110504967186 6431020400
244 420.40110504967186 6457020000
245 420.40110504967186 6483020000
246 420.40110504967186 6509049200
247 420.40110504967186 6535049300
248 420.40110504967186 6562049500
249 420.40110504967186 6589049100
250 420.40110504967186 6614050300
251 420.40110504967186 6653022400
252 420.40110504967186 6680049000
253 420.40110504967186 6706049700
254 420.40110504967186 6732049100
255 420.40110504967186 6758050200
256 420.40110504967186 6784051200
257 420.40110504967186 6810048900
258 420.40110504967186 6836052000
259 420.40110504967186 6862052500
260 420.40110504967186 6888019900
261 420.40110504967186 6914026900
262 420.40110504967186 6939049200
263 420.40110504967186 6965050700
264 420.40110504967186 6992049600
265 420.40110504967186 7017048800
266 420.40110504967186 7043016700
267 420.40110504967186 7069019700
268 420.40110504967186 7095019600
269 420.40110504967186 7121020400
270 420.40110504967186 7147020100
271 420.40110504967186 7173020400
272 420.40110504967186 7199020000
273 420.40110504967186 7225019900
274 420.40110504967186 7251020100
275 420.40110504967186 7277020200
276 420.40110504967186 7303020000
277 420.40110504967186 7329016900
278 420.40110504967186 7357017200
279 420.40110504967186 7383017000
280 420.40110504967186 7409017100
281 420.40110504967186 7434016800
282 420.40110504967186 7460016800
283 420.40110504967186 7486048700
284 420.40110504967186 7511049900
285 419.9333887285896 7538051900
286 419.9333887285896 7564020000
287 419.9333887285896 7590020300
288 419.9333887285896 7616020300
289 419.9333887285896 7642020200
290 419.9333887285896 7669020500
291 419.9333887285896 7695061000
292 419.9333887285896 7720060400
293 419.9333887285896 7746060600
294 419.9333887285896 7772060800
295 419.9333887285896 7799058000
296 419.9333887285896 7824060600
297 419.9333887285896 7850060600
298 419.9333887285896 7876061100
299 419.9333887285896 7902062200
300 419.9333887285896 7928060300
301 419.9333887285896 7957061000
302 419.9333887285896 7983058000
303 419.9333887285896 8009057500
304 419.9333887285896 8035057500
305 419.9333887285896 8061057600
306 419.9333887285896 8087057500
307 419.9333887285896 8113057400
308 419.9333887285896 8138057200
309 419.9333887285896 8164057200
310 419.9333887285896 8190057200
311 419.9333887285896 8216057100
312 419.9333887285896 8242057200
313 419.9333887285896 8268057500
314 419.9333887285896 8294057400
315 419.9333887285896 8320057500
316 419.9333887285896 8346060400
317 419.9333887285896 8371060000
318 419.9333887285896 8397060300
319 419.9333887285896 8424091400
320 419.9333887285896 8450088100
321 419.9333887285896 8476092000
322 419.9333887285896 8502059000
323 419.9333887285896 8529059200
324 419.9333887285896 8555089200
325 419.9333887285896 8582059300
326 419.9333887285896 8608057700
327 419.9333887285896 8634086000
328 419.9333887285896 8660091400
329 419.9333887285896 8687084300
330 419.9333887285896 8712092900
331 419.9333887285896 8738090400
332 419.9333887285896 8764090900
333 419.9333887285896 8790094600
334 419.9333887285896 8815090000
335 419.9333887285896 8841090500
336 419.9333887285896 8867089700
337 419.9333887285896 8893090900
338 419.9333887285896 8919088600
339 419.9333887285896 8945083900
340 419.9333887285896 8971088700
341 419.9333887285896 8997088700
342 419.9333887285896 9023088400
343 419.9333887285896 9049090200
344 419.9333887285896 9074088700
345 419.9333887285896 9100092100
346 419.9333887285896 9126096700
347 419.9333887285896 9152089200
348 419.9333887285896 9178086200
349 419.9333887285896 9204057300
350 419.9333887285896 9231057500
351 419.9333887285896 9258057100
352 419.9333887285896 9293057400
353 419.9333887285896 9319088000
354 419.9333887285896 9345060400
355 419.9333887285896 9372115200
356 419.9333887285896 9398113600
357 419.9333887285896 9424113800
358 419.9333887285896 9451114300
359 419.9333887285896 9477114400
360 419.9333887285896 9502114300
361 419.9333887285896 9529114600
362 419.9333887285896 9555125600
363 419.9333887285896 9581122000
364 419.9333887285896 9607122100
365 419.3723875012353 9633121700
366 419.3723875012353 9659121700
367 419.3723875012353 9685121700
368 419.3723875012353 9711122200
369 419.3723875012353 9737121900
370 419.3723875012353 9763121900
371 419.3723875012353 9789122000
372 419.3723875012353 9815121900
373 419.3723875012353 9841121900
374 419.3723875012353 9866121800
375 419.3723875012353 9892125000
376 419.3723875012353 9918124400
377 419.3723875012353 9944125200
378 419.3723875012353 9970125100
379 419.3723875012353 9996127300
380 419.3723875012353 10022125600
381 419.3723875012353 10048125300
382 419.3723875012353 10074121800
383 419.3723875012353 10100121800
384 419.3723875012353 10126122500
385 419.3723875012353 10152121900
386 419.3723875012353 10178122300
387 419.3723875012353 10204122100
388 419.3723875012353 10230122000
389 419.3723875012353 10256121900
390 419.3723875012353 10282122000
391 419.3723875012353 10308122000
392 419.3723875012353 10333121600
393 419.3723875012353 10359121600
394 419.3723875012353 10385121600
395 419.3723875012353 10411121700
396 419.3723875012353 10437124500
397 419.3723875012353 10463121800
398 419.3723875012353 10489121800
399 419.3723875012353 10515121600
400 419.3723875012353 10541121900
401 419.3723875012353 10569135300
402 419.3723875012353 10595124800
403 419.3723875012353 10621125500
404 419.3723875012353 10647124800
405 419.3723875012353 10673124800
406 419.3723875012353 10699124800
407 419.3723875012353 10725124800
408 419.3723875012353 10751124800
409 419.3723875012353 10777124800
410 419.3723875012353 10803124700
411 419.3723875012353 10829157700
412 419.3723875012353 10855155700
413 419.3723875012353 10881155800
414 419.3723875012353 10907156500
415 419.3723875012353 10932155600
416 419.3723875012353 10958155800
417 419.3723875012353 10984155000
418 419.3723875012353 11010155800
419 419.3723875012353 11036132500
420 419.3723875012353 11062150800
421 419.3723875012353 11088155200
422 419.3723875012353 11113155300
423 419.3723875012353 11139155200
424 419.3723875012353 11165155300
425 419.3723875012353 11191154900
426 419.3723875012353 11218122000
427 419.3723875012353 11244153800
428 419.3723875012353 11275153000
429 419.3723875012353 11300157300
430 419.3723875012353 11326122500
431 419.3723875012353 11352153400
432 419.3723875012353 11378225700
433 419.3723875012353 11404224000
434 419.3723875012353 11430224400
435 419.3723875012353 11455222700
436 419.3723875012353 11481225600
437 419.3723875012353 11507191200
438 419.3723875012353 11533191400
439 419.3723875012353 11559194500
440 419.3723875012353 11586194600
441 419.3723875012353 11612195100
442 419.3723875012353 11637194700
443 419.3723875012353 11663194800
444 419.3723875012353 11689203000
445 419.3723875012353 11715194300
446 419.3723875012353 11741191300
447 419.3723875012353 11767191300
448 419.3723875012353 11793191100
449 419.3723875012353 11819191200
450 419.3723875012353 11845194000
451 419.3723875012353 11881192800
452 419.3723875012353 11911227300
453 419.3723875012353 11937224400
454 419.3723875012353 11963225400
455 419.3723875012353 11989227400
456 419.3723875012353 12014227800
457 419.3723875012353 12040225300
458 419.3723875012353 12066229400
459 419.3723875012353 12092222900
460 419.3723875012353 12118224300
461 419.3723875012353 12143193900
462 419.3723875012353 12169231500
463 419.3723875012353 12195225300
464 419.3723875012353 12221222700
465 419.3723875012353 12247224700
466 419.3723875012353 12273227100
467 419.3723875012353 12299225400
468 419.3723875012353 12325226800
469 419.3723875012353 12351226200
470 419.3723875012353 12378224900
471 419.3723875012353 12404224700
472 419.3723875012353 12430227800
473 419.3723875012353 12456193600
474 419.3723875012353 12482227600
475 419.3723875012353 12508222600
476 419.3723875012353 12534224700
477 419.3723875012353 12560226800
478 419.3723875012353 12585225700
479 419.3723875012353 12611193100
480 419.3723875012353 12637193500
481 419.3723875012353 12663203100
482 419.3723875012353 12689226100
483 419.3723875012353 12715224400
484 419.3723875012353 12741224900
485 419.3723875012353 12767224500
486 419.3723875012353 12793221200
487 419.3723875012353 12819220000
488 419.3723875012353 12845226300
489 419.3723875012353 12871222900
490 419.3723875012353 12897224200
491 419.3723875012353 12922223400
492 419.3723875012353 12949226600
493 419.3723875012353 12975223600
494 419.3723875012353 13001224800
495 419.3723875012353 13027226100
496 419.3723875012353 13053224600
497 419.3723875012353 13079225100
498 419.3723875012353 13104192600
499 419.3723875012353 13131191600
Best cost: 419.3723875012353
Path taken: 30 22 9 23 15 7 6 3 31 8 5 16 25 29 20 24 2 27 4 21 26 12 18 10 28 19 13 14 17 1 11 0