Problem size: medium
0 589.9931582283795 73001900
1 589.9931582283795 119002400
2 589.9931582283795 162001700
3 589.9931582283795 204001700
4 578.064133698994 251999400
5 578.064133698994 295003300
6 578.064133698994 337000700
7 578.064133698994 376033800
8 578.064133698994 419003000
9 548.2476069574324 464002700
10 548.2476069574324 514999300
11 548.2476069574324 543002200
12 548.2476069574324 597000300
13 548.2476069574324 644002300
14 548.2476069574324 684002800
15 548.2476069574324 739999400
16 548.2476069574324 790000100
17 548.2476069574324 834002500
18 548.2476069574324 861003000
19 548.2476069574324 907000200
20 548.2476069574324 955000600
21 548.2476069574324 982001600
22 548.2476069574324 1024002800
23 543.6075911780142 1060002400
24 543.6075911780142 1104000400
25 543.6075911780142 1173511600
26 543.6075911780142 1227055700
27 543.6075911780142 1281073000
28 543.6075911780142 1355126700
29 543.6075911780142 1403125700
30 543.6075911780142 1456126300
31 516.7958949236167 1491128000
32 516.7958949236167 1522125000
33 516.7958949236167 1566124600
34 516.7958949236167 1613124600
35 516.7958949236167 1641124400
36 516.7958949236167 1673124700
37 516.7958949236167 1740125100
38 516.7958949236167 1796164600
39 516.7958949236167 1848167900
40 516.7958949236167 1892164900
41 516.7958949236167 1929164600
42 516.7958949236167 1968163800
43 516.7958949236167 2004164700
44 516.7958949236167 2065166000
45 516.7958949236167 2122167000
46 516.7958949236167 2166166900
47 516.7958949236167 2220167200
48 516.7958949236167 2251167100
49 513.9320475759553 2296167100
50 513.9320475759553 2335163800
51 513.9320475759553 2380166900
52 513.9320475759553 2419165600
53 513.9320475759553 2470164300
54 513.9320475759553 2509164200
55 513.9320475759553 2551164600
56 508.7585781437894 2593165400
57 508.7585781437894 2635167000
58 508.7585781437894 2694197300
59 508.7585781437894 2728163700
60 508.7585781437894 2776166600
61 508.7585781437894 2804164400
62 508.7585781437894 2832165200
63 482.8993879807044 2864163700
64 482.8993879807044 2919299000
65 482.8993879807044 2957268000
66 482.8993879807044 3019265800
67 482.8993879807044 3086265000
68 482.8993879807044 3139265600
69 482.8993879807044 3174297600
70 482.8993879807044 3222265100
71 482.8993879807044 3268302900
72 482.8993879807044 3301265600
73 482.8993879807044 3333264900
74 476.59208712804593 3384265800
75 476.59208712804593 3425264600
76 476.59208712804593 3471268100
77 476.59208712804593 3510268400
78 476.59208712804593 3557267900
79 476.59208712804593 3590264800
80 476.59208712804593 3641268300
81 476.59208712804593 3686265300
82 476.59208712804593 3747264800
83 476.59208712804593 3776268000
84 446.89716838375784 3818267300
85 446.89716838375784 3856268400
86 446.89716838375784 3909266100
87 446.89716838375784 3951265400
88 446.89716838375784 3984264900
89 446.89716838375784 4039300900
90 446.89716838375784 4069268000
91 446.89716838375784 4099265000
92 446.89716838375784 4143299600
93 446.89716838375784 4186268600
94 446.89716838375784 4226265100
95 446.89716838375784 4266340700
96 446.89716838375784 4330341100
97 446.89716838375784 4373337300
98 446.89716838375784 4412337200
99 446.89716838375784 4448337800
100 446.89716838375784 4491340300
101 446.89716838375784 4537339100
102 446.89716838375784 4602337200
103 446.89716838375784 4640339100
104 446.89716838375784 4675337100
105 446.89716838375784 4750370300
106 446.89716838375784 4795338400
107 446.89716838375784 4837178900
108 446.89716838375784 4870148300
109 446.89716838375784 4918178700
110 446.89716838375784 4965145900
111 446.89716838375784 5004145300
112 446.89716838375784 5058144700
113 446.89716838375784 5112145900
114 446.89716838375784 5157145900
115 446.89716838375784 5189184500
116 446.89716838375784 5223180800
117 446.89716838375784 5250146000
118 446.89716838375784 5279149200
119 446.89716838375784 5307149600
120 445.36543873130717 5351148200
121 445.36543873130717 5437184400
122 445.36543873130717 5478145300
123 445.36543873130717 5529146500
124 445.36543873130717 5566146600
125 445.36543873130717 5619146900
126 445.36543873130717 5673177900
127 445.36543873130717 5728147300
128 445.36543873130717 5762147000
129 445.36543873130717 5805145000
130 445.36543873130717 5836147900
131 445.36543873130717 5871148200
132 445.36543873130717 5906180500
133 445.36543873130717 5934148000
134 442.01467446713644 5984179500
135 441.53852607383465 6023181600
136 441.53852607383465 6065148500
137 441.53852607383465 6102178300
138 441.53852607383465 6130180900
139 441.53852607383465 6211181100
140 441.53852607383465 6259146200
141 441.53852607383465 6305147900
142 441.53852607383465 6343146000
143 440.3625288518626 6384145700
144 440.3625288518626 6427178600
145 440.3625288518626 6473182400
146 440.3625288518626 6500145400
147 440.3625288518626 6532145800
148 440.3625288518626 6572146300
149 440.3625288518626 6607145600
150 440.3625288518626 6657182900
151 440.3625288518626 6706148400
152 440.3625288518626 6756179100
153 440.3625288518626 6794146000
154 437.47310531678096 6837185000
155 437.47310531678096 6876180400
156 437.47310531678096 6912146100
157 437.47310531678096 6967148700
158 437.47310531678096 7000149200
159 437.47310531678096 7040148200
160 437.47310531678096 7083146000
161 437.47310531678096 7142147000
162 437.47310531678096 7180149000
163 437.47310531678096 7214145800
164 437.47310531678096 7260148900
165 437.47310531678096 7316145500
166 437.47310531678096 7356146400
167 437.47310531678096 7396146500
168 437.47310531678096 7443147000
169 437.47310531678096 7487145900
170 437.47310531678096 7529148700
171 437.47310531678096 7589145900
172 437.47310531678096 7621148800
173 437.47310531678096 7664146500
174 437.47310531678096 7697145200
175 437.47310531678096 7741146800
176 437.47310531678096 7773146100
177 437.47310531678096 7807145900
178 437.47310531678096 7837660800
179 434.90231249830606 7864661000
180 434.90231249830606 7918660700
181 434.90231249830606 7993658600
182 434.90231249830606 8030692000
183 434.90231249830606 8073658500
184 434.90231249830606 8107660100
185 434.90231249830606 8142692900
186 434.90231249830606 8184692400
187 434.90231249830606 8250657400
188 434.90231249830606 8304657500
189 434.90231249830606 8335657500
190 434.90231249830606 8373689800
191 434.90231249830606 8410658600
192 434.90231249830606 8444658100
193 434.90231249830606 8509657500
194 434.90231249830606 8562661300
195 434.90231249830606 8601660600
196 434.90231249830606 8645658100
197 434.90231249830606 8685657500
198 433.01536495939405 8727661300
199 433.01536495939405 8765658400
200 433.01536495939405 8820662000
201 433.01536495939405 8866658900
202 420.0193317594128 8898660200
203 420.0193317594128 8944657300
204 420.0193317594128 8993661000
205 420.0193317594128 9040658500
206 420.0193317594128 9088657500
207 420.0193317594128 9140658500
208 420.0193317594128 9181658000
209 420.0193317594128 9219661100
210 420.0193317594128 9268657600
211 420.0193317594128 9315657900
212 420.0193317594128 9348661300
213 420.0193317594128 9386658400
214 420.0193317594128 9423659000
215 420.0193317594128 9463658000
216 420.0193317594128 9513658500
217 420.0193317594128 9567659000
218 420.0193317594128 9623657800
219 420.0193317594128 9654658700
220 420.0193317594128 9711661100
221 420.0193317594128 9770663000
222 420.0193317594128 9804692200
223 420.0193317594128 9845657900
224 420.0193317594128 9874661100
225 420.0193317594128 9913660900
226 420.0193317594128 9954660200
227 420.0193317594128 9999657500
228 420.0193317594128 10028657400
229 420.0193317594128 10060658500
230 420.0193317594128 10110657700
231 420.0193317594128 10164658400
232 420.0193317594128 10236658200
233 420.0193317594128 10284658700
234 420.0193317594128 10337657700
235 420.0193317594128 10371659400
236 420.0193317594128 10414658600
237 420.0193317594128 10468659600
238 420.0193317594128 10500661100
239 420.0193317594128 10537658400
240 420.0193317594128 10580768700
241 420.0193317594128 10633768700
242 420.0193317594128 10662767200
243 420.0193317594128 10690767800
244 420.0193317594128 10725770500
245 420.0193317594128 10771769300
246 420.0193317594128 10831770700
247 420.0193317594128 10877768000
248 420.0193317594128 10921768000
249 420.0193317594128 10965771000
250 420.0193317594128 11010770700
251 420.0193317594128 11075767800
252 420.0193317594128 11121767700
253 420.0193317594128 11174770200
254 420.0193317594128 11214771200
255 420.0193317594128 11271767300
256 420.0193317594128 11320770500
257 420.0193317594128 11358814800
258 420.0193317594128 11397814300
259 420.0193317594128 11433815000
260 420.0193317594128 11486815100
261 420.0193317594128 11514817600
262 420.0193317594128 11558817500
263 420.0193317594128 11585817500
264 420.0193317594128 11621817600
265 420.0193317594128 11675814400
266 420.0193317594128 11721815900
267 420.0193317594128 11765814300
268 420.0193317594128 11810850100
269 420.0193317594128 11860815200
270 420.0193317594128 11922855800
271 420.0193317594128 11967814700
272 420.0193317594128 12013817400
273 420.0193317594128 12044815500
274 420.0193317594128 12090814900
275 420.0193317594128 12137815600
276 420.0193317594128 12181815000
277 419.3723875012353 12227815000
278 419.3723875012353 12261816500
279 419.3723875012353 12298818000
280 419.3723875012353 12325817800
281 419.3723875012353 12395815800
282 419.3723875012353 12434816600
283 419.3723875012353 12467817100
284 419.3723875012353 12514817900
285 419.3723875012353 12554814800
286 419.3723875012353 12607815000
287 419.3723875012353 12639817100
288 419.3723875012353 12689839600
289 419.3723875012353 12727840400
290 418.2660606195276 12767839700
291 418.2660606195276 12806840000
292 418.2660606195276 12833840000
293 418.2660606195276 12860841000
294 418.2660606195276 12891839700
295 418.2660606195276 12978842500
296 418.2660606195276 13022839300
297 418.2660606195276 13059840600
298 418.2660606195276 13108843000
299 418.2660606195276 13147839300
300 418.2660606195276 13192842900
301 418.2660606195276 13241840100
302 418.2660606195276 13313841900
303 418.2660606195276 13370840500
304 418.2660606195276 13421840700
305 418.2660606195276 13460840100
306 418.2660606195276 13498841200
307 418.2660606195276 13540842500
308 418.2660606195276 13585839400
309 418.2660606195276 13639839400
310 418.2660606195276 13686841600
311 418.2660606195276 13736843200
312 418.2660606195276 13787841900
313 418.2660606195276 13834839800
314 418.2660606195276 13876842100
315 418.2660606195276 13910841900
316 418.2660606195276 13953841800
317 418.2660606195276 14003842500
318 418.2660606195276 14042839400
319 418.2660606195276 14080842900
320 418.2660606195276 14115840600
321 418.2660606195276 14146842300
322 418.2660606195276 14176839200
323 418.2660606195276 14203840400
324 418.2660606195276 14244871300
325 418.2660606195276 14313839700
326 418.2660606195276 14349877500
327 418.2660606195276 14391839400
328 418.2660606195276 14428841700
329 418.2660606195276 14466839900
330 418.2660606195276 14504841100
331 418.2660606195276 14559839200
332 418.2660606195276 14609875600
333 418.2660606195276 14657839300
334 418.2660606195276 14702840500
335 418.2660606195276 14730839200
336 418.2660606195276 14775839000
337 418.2660606195276 14807839100
338 418.2660606195276 14863839700
339 418.2660606195276 14907839100
340 418.2660606195276 14960839200
341 418.2660606195276 15001842500
342 418.2660606195276 15036843900
343 418.2660606195276 15065839400
344 418.2660606195276 15105875300
345 418.2660606195276 15147876300
346 418.2660606195276 15179842800
347 418.2660606195276 15221839900
348 418.2660606195276 15252842400
349 418.2660606195276 15285839300
350 418.2660606195276 15373842400
351 418.2660606195276 15415720200
352 418.2660606195276 15477717200
353 418.2660606195276 15534719500
354 418.2660606195276 15567717400
355 418.2660606195276 15622720700
356 418.2660606195276 15659717300
357 418.2660606195276 15691716700
358 418.2660606195276 15730718100
359 418.2660606195276 15768717500
360 418.2660606195276 15805717300
361 418.2660606195276 15845751900
362 418.2660606195276 15887718200
363 418.2660606195276 15933747200
364 418.2660606195276 15981716500
365 418.2660606195276 16024717400
366 418.2660606195276 16065717100
367 418.2660606195276 16097719900
368 418.2660606195276 16134718000
369 418.2660606195276 16176717200
370 418.2660606195276 16225717000
371 418.2660606195276 16301716600
372 418.2660606195276 16336716900
373 418.2660606195276 16388779900
374 418.2660606195276 16424880200
375 418.2660606195276 16458845100
376 418.2660606195276 16487845000
377 418.2660606195276 16533844800
378 418.2660606195276 16561846600
379 418.2660606195276 16590844700
380 418.2660606195276 16657848500
381 418.2660606195276 16707845000
382 418.2660606195276 16744848100
383 418.2660606195276 16792847600
384 418.2660606195276 16830895500
385 418.2660606195276 16866201400
386 418.2660606195276 16905223500
387 418.2660606195276 16952381400
388 418.2660606195276 16988381700
389 418.2660606195276 17021419000
390 418.2660606195276 17054384200
391 418.2660606195276 17107399900
392 418.2660606195276 17143435700
393 418.2660606195276 17179439200
394 418.2660606195276 17262144100
395 418.2660606195276 17309437700
396 418.2660606195276 17335672200
397 418.2660606195276 17373709500
398 418.2660606195276 17406718900
399 418.2660606195276 17436721400
400 418.2660606195276 17476720400
401 418.2660606195276 17537959000
402 418.2660606195276 17581956300
403 418.2660606195276 17610957000
404 418.2660606195276 17668958700
405 418.2660606195276 17715956300
406 418.2660606195276 17760956500
407 418.2660606195276 17806693900
408 418.2660606195276 17843694100
409 418.2660606195276 17898694200
410 418.2660606195276 17949695100
411 418.2660606195276 17979694200
412 418.2660606195276 18023695500
413 418.2660606195276 18067693900
414 418.2660606195276 18099694000
415 418.2660606195276 18142694700
416 418.2660606195276 18187694600
417 418.2660606195276 18238695000
418 418.2660606195276 18279696700
419 418.2660606195276 18325697600
420 418.2660606195276 18377694800
421 418.2660606195276 18404694300
422 418.2660606195276 18440694600
423 418.2660606195276 18475697200
424 418.2660606195276 18540697300
425 418.2660606195276 18585694600
426 418.2660606195276 18634694000
427 418.2660606195276 18674695100
428 418.2660606195276 18706698200
429 418.2660606195276 18733730200
430 418.2660606195276 18766697100
431 418.2660606195276 18813728200
432 418.2660606195276 18859694200
433 418.2660606195276 18896694500
434 418.2660606195276 18953697700
435 418.2660606195276 18986698400
436 418.2660606195276 19025696200
437 418.2660606195276 19066694900
438 418.2660606195276 19118694400
439 418.2660606195276 19146694100
440 418.2660606195276 19212695100
441 418.2660606195276 19255697400
442 418.2660606195276 19291698600
443 418.2660606195276 19328697300
444 418.2660606195276 19368694300
445 418.2660606195276 19403694100
446 418.2660606195276 19447697300
447 418.2660606195276 19481695000
448 418.2660606195276 19509730300
449 418.2660606195276 19544697700
450 418.2660606195276 19615694700
451 418.2660606195276 19648694200
452 418.2660606195276 19722694900
453 418.2660606195276 19764694500
454 418.2660606195276 19796697900
455 418.2660606195276 19824697400
456 418.2660606195276 19875697400
457 418.2660606195276 19920695700
458 418.2660606195276 19989694400
459 418.2660606195276 20016694300
460 418.2660606195276 20060696900
461 418.2660606195276 20100695200
462 418.2660606195276 20129694000
463 418.2660606195276 20183694400
464 418.2660606195276 20229697100
465 418.2660606195276 20279697400
466 418.2660606195276 20325697400
467 418.2660606195276 20366694300
468 418.2660606195276 20398695500
469 418.2660606195276 20444694300
470 418.2660606195276 20490696300
471 418.2660606195276 20522695000
472 418.2660606195276 20567697300
473 418.2660606195276 20620238000
474 418.2660606195276 20648240100
475 418.2660606195276 20683237300
476 418.2660606195276 20709240600
477 418.2660606195276 20736240100
478 418.2660606195276 20791238000
479 418.2660606195276 20834275000
480 418.2660606195276 20884237600
481 418.2660606195276 20960240200
482 418.2660606195276 21003271400
483 418.2660606195276 21058240100
484 418.2660606195276 21100240200
485 418.2660606195276 21128238500
486 418.2660606195276 21172237100
487 418.2660606195276 21223240200
488 418.2660606195276 21264237800
489 418.2660606195276 21305241000
490 418.2660606195276 21333237500
491 418.2660606195276 21362240100
492 418.2660606195276 21394237600
493 418.2660606195276 21427885400
494 418.2660606195276 21498307800
495 418.2660606195276 21542307600
496 418.2660606195276 21592210400
497 418.2660606195276 21645202500
498 418.2660606195276 21694274600
499 418.2660606195276 21722273500
Best cost: 418.2660606195276
Path taken: 13 19 28 10 18 12 26 21 4 27 2 24 20 29 25 16 5 8 31 3 0 11 1 17 14 6 7 15 23 9 22 30