Problem size: medium
0 646.9736559152997 28997600
1 646.9736559152997 68965600
2 646.9736559152997 96965200
3 646.9736559152997 123965300
4 644.7079568274397 150965400
5 644.7079568274397 175964900
6 644.7079568274397 201965000
7 644.2589304026081 227966900
8 644.2589304026081 253967300
9 610.9201186774611 279969000
10 595.2169072380965 305968600
11 595.2169072380965 331965500
12 595.2169072380965 357965500
13 595.2169072380965 382964900
14 595.2169072380965 408965100
15 595.2169072380965 434966900
16 595.2169072380965 460966800
17 568.4387685467041 486968700
18 568.4387685467041 512968900
19 568.4387685467041 538969100
20 568.4387685467041 563968700
21 568.4387685467041 589968100
22 568.4387685467041 615968600
23 568.4387685467041 641968700
24 568.4387685467041 667965500
25 568.4387685467041 693968400
26 568.4387685467041 719968300
27 568.4387685467041 745968200
28 568.4387685467041 771965100
29 523.7288808703684 798965600
30 477.19754394024096 824968300
31 477.19754394024096 850968700
32 477.19754394024096 877969100
33 477.19754394024096 903968200
34 477.19754394024096 929968200
35 477.19754394024096 955968700
36 477.19754394024096 981968200
37 477.19754394024096 1008018700
38 477.19754394024096 1034011200
39 477.19754394024096 1060011400
40 477.19754394024096 1086011400
41 477.19754394024096 1112011600
42 477.19754394024096 1138011100
43 477.19754394024096 1164011100
44 477.19754394024096 1190011000
45 477.19754394024096 1216011100
46 477.19754394024096 1242011400
47 477.19754394024096 1268010800
48 477.19754394024096 1294010900
49 477.19754394024096 1320010800
50 477.19754394024096 1346011000
51 477.19754394024096 1374010900
52 477.19754394024096 1400011700
53 477.19754394024096 1427008300
54 477.19754394024096 1453008500
55 477.19754394024096 1479011200
56 477.19754394024096 1505007900
57 477.19754394024096 1531011600
58 477.19754394024096 1557011100
59 477.19754394024096 1583011400
60 477.19754394024096 1609011400
61 477.19754394024096 1635011200
62 477.19754394024096 1661011400
63 477.19754394024096 1687008400
64 477.19754394024096 1713011700
65 477.19754394024096 1739011900
66 477.19754394024096 1765007900
67 477.19754394024096 1791008200
68 477.19754394024096 1817041200
69 477.19754394024096 1842043700
70 477.19754394024096 1868042000
71 477.19754394024096 1894042200
72 477.19754394024096 1920038600
73 477.19754394024096 1945039500
74 477.19754394024096 1971042000
75 477.19754394024096 1997039500
76 477.19754394024096 2022009000
77 477.19754394024096 2048037400
78 477.19754394024096 2073039500
79 477.19754394024096 2099041600
80 477.19754394024096 2125039300
81 477.19754394024096 2150040200
82 477.19754394024096 2176036800
83 477.19754394024096 2201255500
84 477.19754394024096 2227251300
85 477.19754394024096 2252246800
86 477.19754394024096 2278251700
87 477.19754394024096 2303251300
88 477.19754394024096 2329259500
89 477.19754394024096 2354251700
90 461.40792815320435 2380250200
91 461.40792815320435 2405254400
92 461.40792815320435 2431252500
93 461.40792815320435 2456250800
94 461.40792815320435 2481252200
95 461.40792815320435 2507250500
96 461.40792815320435 2532251800
97 461.3804225954661 2558245200
98 461.3804225954661 2584251500
99 461.3804225954661 2609263400
100 461.3804225954661 2635250400
101 461.3804225954661 2668224700
102 461.3804225954661 2698250500
103 461.3804225954661 2724252300
104 461.3804225954661 2751250500
105 461.3804225954661 2777254000
106 461.3804225954661 2803250200
107 461.3804225954661 2829260400
108 461.3804225954661 2855248200
109 461.3804225954661 2882255200
110 441.4897687635543 2907250300
111 441.4897687635543 2933254700
112 441.4897687635543 2959237800
113 441.4897687635543 2984250400
114 441.4897687635543 3010256100
115 441.4897687635543 3036254000
116 441.4897687635543 3062222700
117 441.4897687635543 3088222500
118 441.4897687635543 3113221900
119 441.4897687635543 3140218800
120 441.4897687635543 3166219300
121 441.4897687635543 3192218700
122 441.4897687635543 3218221700
123 441.4897687635543 3244221600
124 441.4897687635543 3270222000
125 441.4897687635543 3296222300
126 441.4897687635543 3322219400
127 441.4897687635543 3348222000
128 441.4897687635543 3374219000
129 441.4897687635543 3400221800
130 441.4897687635543 3426219700
131 441.4897687635543 3452224100
132 441.4897687635543 3478222000
133 441.4897687635543 3504222400
134 441.4897687635543 3530222600
135 441.4897687635543 3556222400
136 441.4897687635543 3582222700
137 441.4897687635543 3607221900
138 441.4897687635543 3633221800
139 441.4897687635543 3660222500
140 441.4897687635543 3685221900
141 441.4897687635543 3711222200
142 441.4897687635543 3737221300
143 441.4897687635543 3763246200
144 441.4897687635543 3788278600
145 441.4897687635543 3814279600
146 441.4897687635543 3839279000
147 441.4897687635543 3865245600
148 441.4897687635543 3890283500
149 441.4897687635543 3916278500
150 441.4897687635543 3941277500
151 441.4897687635543 3969290000
152 441.4897687635543 3995277100
153 441.4897687635543 4020277600
154 441.4897687635543 4046278600
155 441.4897687635543 4071280200
156 441.4897687635543 4097274800
157 441.4897687635543 4122279800
158 441.4897687635543 4148278600
159 441.4897687635543 4173278800
160 441.4897687635543 4199280100
161 441.4897687635543 4224277400
162 441.4897687635543 4250282400
163 441.4897687635543 4275277000
164 429.3638944793994 4301278100
165 429.3638944793994 4327277400
166 429.3638944793994 4352282200
167 429.3638944793994 4377277300
168 429.3638944793994 4403277200
169 429.3638944793994 4428288100
170 429.3638944793994 4454280200
171 429.3638944793994 4479297700
172 429.3638944793994 4505277300
173 429.3638944793994 4530280800
174 429.3638944793994 4556278100
175 429.3638944793994 4582292800
176 429.3638944793994 4608289100
177 429.3638944793994 4634292300
178 428.40887137407987 4659292200
179 428.40887137407987 4685291800
180 426.91266931061705 4711289800
181 426.91266931061705 4737320200
182 426.91266931061705 4763321900
183 426.91266931061705 4789292900
184 426.91266931061705 4817292800
185 426.91266931061705 4844292300
186 426.91266931061705 4873293000
187 426.91266931061705 4902316600
188 426.91266931061705 4930289400
189 426.91266931061705 4958292500
190 426.91266931061705 4988293100
191 426.91266931061705 5018292700
192 422.8970641592887 5051289000
193 422.8970641592887 5079299100
194 422.8970641592887 5105855700
195 422.8970641592887 5132846100
196 422.8970641592887 5158812200
197 422.8970641592887 5184815400
198 422.8970641592887 5210815300
199 422.8970641592887 5236815200
200 422.8970641592887 5262815200
201 422.8970641592887 5300813000
202 422.8970641592887 5328844400
203 422.8970641592887 5353815300
204 422.8970641592887 5380815300
205 422.8970641592887 5406815600
206 422.8970641592887 5433815800
207 422.8970641592887 5459815600
208 422.8970641592887 5485815600
209 422.8970641592887 5511816000
210 422.8970641592887 5537815900
211 422.8970641592887 5563815700
212 422.8970641592887 5589812600
213 422.8970641592887 5615812600
214 422.8970641592887 5641844300
215 422.8970641592887 5666812200
216 422.8970641592887 5692812000
217 422.8970641592887 5718812300
218 422.8970641592887 5744812300
219 422.8970641592887 5770814300
220 422.8970641592887 5795814000
221 422.8970641592887 5822812500
222 422.8970641592887 5848812600
223 422.8970641592887 5874811900
224 420.40110504967186 5900812300
225 420.40110504967186 5926844900
226 420.40110504967186 5951844400
227 420.40110504967186 5977844000
228 420.40110504967186 6002845400
229 420.40110504967186 6029816100
230 420.40110504967186 6055816000
231 420.40110504967186 6081812400
232 420.40110504967186 6107812300
233 420.40110504967186 6132814800
234 420.40110504967186 6158814800
235 420.40110504967186 6184812000
236 420.40110504967186 6210812500
237 420.40110504967186 6236812300
238 420.40110504967186 6261812000
239 420.40110504967186 6287812000
240 420.40110504967186 6313814200
241 420.40110504967186 6339812400
242 420.40110504967186 6364812000
243 420.40110504967186 6390812000
244 420.40110504967186 6416815500
245 420.40110504967186 6442815600
246 420.40110504967186 6468393000
247 420.40110504967186 6495455000
248 420.40110504967186 6521515700
249 420.40110504967186 6546591500
250 420.40110504967186 6576707300
251 420.40110504967186 6604793300
252 420.40110504967186 6630989600
253 420.40110504967186 6655990400
254 420.40110504967186 6682036300
255 420.40110504967186 6707028900
256 420.40110504967186 6733033500
257 420.40110504967186 6759033100
258 420.40110504967186 6785033900
259 420.40110504967186 6810031500
260 420.40110504967186 6836033300
261 420.40110504967186 6861998800
262 420.40110504967186 6888031300
263 420.40110504967186 6913034100
264 420.40110504967186 6939033200
265 420.40110504967186 6964033000
266 420.40110504967186 6990035600
267 420.40110504967186 7015031200
268 420.40110504967186 7041034300
269 420.40110504967186 7067030900
270 420.40110504967186 7092033100
271 420.40110504967186 7118027100
272 420.40110504967186 7144033700
273 420.40110504967186 7169034200
274 420.40110504967186 7195032400
275 420.40110504967186 7220032800
276 420.40110504967186 7246035600
277 420.40110504967186 7271031000
278 420.40110504967186 7297034200
279 420.40110504967186 7323030700
280 420.40110504967186 7348032300
281 420.40110504967186 7374031700
282 420.40110504967186 7399033200
283 420.40110504967186 7425034400
284 420.40110504967186 7451033400
285 420.40110504967186 7476032500
286 420.40110504967186 7502035200
287 420.40110504967186 7527032700
288 420.40110504967186 7553034400
289 420.40110504967186 7579030900
290 420.40110504967186 7604033800
291 420.40110504967186 7630034900
292 420.40110504967186 7655033000
293 420.40110504967186 7681034700
294 420.40110504967186 7706032200
295 420.40110504967186 7731028300
296 420.40110504967186 7757032500
297 420.40110504967186 7782030700
298 420.40110504967186 7807998900
299 420.40110504967186 7835034900
300 420.40110504967186 7860998500
301 420.40110504967186 7900123800
302 420.40110504967186 7926154600
303 420.40110504967186 7951156300
304 420.40110504967186 7976160000
305 420.40110504967186 8002155200
306 420.40110504967186 8027155000
307 420.40110504967186 8053155400
308 420.40110504967186 8078149700
309 420.40110504967186 8104155300
310 420.40110504967186 8129170400
311 420.40110504967186 8155152900
312 420.40110504967186 8180152800
313 420.40110504967186 8206153800
314 420.40110504967186 8231155200
315 420.40110504967186 8256154100
316 420.40110504967186 8282157400
317 420.40110504967186 8307158600
318 420.40110504967186 8333155300
319 420.40110504967186 8358156900
320 420.40110504967186 8384156800
321 420.40110504967186 8409156600
322 420.40110504967186 8435155700
323 420.40110504967186 8460155800
324 420.40110504967186 8486155400
325 420.40110504967186 8511157900
326 420.40110504967186 8536155700
327 420.40110504967186 8562154600
328 420.40110504967186 8587154900
329 420.40110504967186 8613153400
330 420.40110504967186 8639169200
331 420.40110504967186 8664155600
332 420.40110504967186 8690154900
333 420.02486334373395 8715154200
334 420.02486334373395 8741156800
335 420.02486334373395 8767158100
336 420.02486334373395 8792150200
337 420.02486334373395 8818158400
338 420.02486334373395 8844153200
339 420.02486334373395 8869165300
340 419.3723875012355 8895158000
341 419.3723875012355 8921157100
342 419.3723875012355 8946156300
343 419.3723875012355 8972155000
344 419.3723875012355 8997153100
345 419.3723875012355 9023158200
346 419.3723875012355 9048150200
347 419.3723875012355 9074155400
348 419.3723875012353 9099164000
349 419.3723875012353 9125155500
350 419.3723875012353 9151149100
351 419.3723875012353 9179175600
352 419.3723875012353 9205334500
353 419.3723875012353 9231329100
354 419.3723875012353 9256331700
355 419.3723875012353 9282329000
356 419.3723875012353 9307330500
357 419.3723875012353 9332330700
358 419.3723875012353 9358329600
359 419.3723875012353 9383329300
360 419.3723875012353 9409329000
361 419.3723875012353 9435329000
362 419.3723875012353 9460329300
363 419.3723875012353 9486329200
364 419.3723875012353 9511330800
365 419.3723875012353 9537329100
366 419.3723875012353 9562327400
367 419.3723875012353 9588330300
368 419.3723875012353 9615445900
369 419.3723875012353 9641452400
370 419.3723875012353 9666452100
371 419.3723875012353 9692449800
372 419.3723875012353 9717448400
373 419.3723875012353 9743452300
374 419.3723875012353 9768449000
375 419.3723875012353 9794448400
376 419.3723875012353 9819419600
377 419.3723875012353 9845448700
378 419.3723875012353 9871444800
379 419.3723875012353 9897416800
380 419.3723875012353 9923460500
381 419.3723875012353 9948450500
382 419.3723875012353 9974450100
383 419.3723875012353 10000449700
384 419.3723875012353 10025448700
385 419.3723875012353 10051449700
386 419.3723875012353 10077452400
387 419.3723875012353 10102445400
388 419.3723875012353 10128449300
389 419.3723875012353 10153449300
390 419.3723875012353 10178449400
391 419.3723875012353 10204449500
392 419.3723875012353 10230445300
393 419.3723875012353 10255445600
394 419.2809128860912 10281448500
395 419.2809128860912 10306448500
396 419.2809128860912 10332448600
397 419.2809128860912 10357449900
398 419.2809128860912 10382451400
399 419.2809128860912 10408452100
400 419.2809128860912 10433451100
401 419.2809128860912 10472443600
402 419.2809128860912 10499419600
403 419.2809128860912 10525453000
404 419.2809128860912 10551538600
405 419.2809128860912 10577609100
406 419.2809128860912 10603606400
407 419.2809128860912 10629609300
408 419.2809128860911 10654609300
409 419.2809128860911 10680612900
410 419.2809128860911 10706605600
411 419.2809128860911 10733612800
412 419.2809128860911 10761613100
413 419.2809128860911 10787613600
414 419.2809128860911 10814609400
415 419.2809128860911 10840609300
416 419.2809128860911 10866581200
417 419.2809128860911 10892581000
418 419.2809128860911 10918577700
419 419.2809128860911 10944577600
420 419.2809128860911 10970577400
421 419.2809128860911 10996580500
422 419.2809128860911 11021580200
423 419.2809128860911 11047580400
424 419.2809128860911 11073580800
425 419.2809128860911 11099581000
426 419.2809128860911 11130580700
427 419.2809128860911 11156577400
428 419.2809128860911 11182580800
429 419.2809128860911 11208581000
430 419.2809128860911 11233577500
431 419.2809128860911 11260581200
432 419.2809128860911 11286581000
433 419.2809128860911 11312578000
434 419.2809128860911 11338581100
435 419.2809128860911 11364577800
436 419.2809128860911 11390581000
437 419.2809128860911 11415580700
438 419.2809128860911 11441577400
439 419.2809128860911 11467580500
440 419.2809128860911 11493581200
441 419.2809128860911 11519581300
442 419.2809128860911 11545581000
443 419.2809128860911 11570580400
444 419.2809128860911 11596580500
445 419.2809128860911 11622581100
446 419.2809128860911 11648581000
447 419.2809128860911 11674581000
448 419.2809128860911 11699577400
449 419.2809128860911 11725580200
450 419.2809128860911 11751580400
451 419.2809128860911 11779581100
452 419.2809128860911 11805580900
453 419.2809128860911 11831580400
454 419.2809128860911 11857581000
455 419.2809128860911 11883580600
456 419.2809128860911 11909581000
457 419.2809128860911 11935580700
458 419.2809128860911 11961577900
459 419.2809128860911 11986577400
460 419.2809128860911 12012577200
461 419.2809128860911 12038580100
462 419.2809128860911 12064579900
463 419.2809128860911 12090580500
464 419.2809128860911 12116577500
465 419.2809128860911 12142580500
466 419.2809128860911 12168580900
467 419.2809128860911 12194618600
468 419.2809128860911 12220618600
469 419.2809128860911 12246621100
470 419.2809128860911 12271618100
471 419.2809128860911 12297620900
472 419.2809128860911 12323618200
473 419.2809128860911 12349618200
474 419.2809128860911 12375621100
475 419.2809128860911 12401618500
476 419.2809128860911 12427621700
477 419.2809128860911 12453618300
478 419.2809128860911 12479618400
479 419.2809128860911 12504618000
480 419.2809128860911 12530618000
481 419.2809128860911 12556618300
482 419.2809128860911 12582618500
483 419.2809128860911 12608621300
484 419.2809128860911 12638618100
485 419.2809128860911 12664618300
486 419.2809128860911 12690620300
487 419.2809128860911 12716618500
488 419.2809128860911 12741618000
489 419.2809128860911 12767618000
490 419.2809128860911 12793618400
491 419.2809128860911 12819618400
492 419.2809128860911 12844618000
493 419.2809128860911 12870619800
494 419.2809128860911 12896619800
495 419.2809128860911 12922618300
496 419.2809128860911 12948618200
497 419.2809128860911 12974618600
498 419.2809128860911 12999620000
499 419.2809128860911 13025618500
Best cost: 419.2809128860911
Path taken: 30 22 9 23 15 7 6 3 31 8 5 16 25 29 20 24 2 27 4 21 26 12 18 10 28 13 19 14 17 1 11 0