Problem size: small
0 428.384564261432 19996800
1 413.2631712380102 25996400
2 398.60399898179696 42995100
3 398.60399898179696 49005900
4 391.0063218613549 53992100
5 391.0063218613549 59992100
6 391.0063218613549 64991900
7 358.86002456787884 70994300
8 358.86002456787884 75992700
9 358.86002456787884 81992700
10 358.86002456787884 86992600
11 358.86002456787884 95992700
12 358.86002456787884 102995300
13 358.86002456787884 108995600
14 358.86002456787884 113995100
15 358.86002456787884 120995400
16 342.0894939443368 126995600
17 342.0894939443368 132992800
18 342.0894939443368 142992700
19 301.0426168255117 150992400
20 301.0426168255117 159995800
21 301.0426168255117 169200000
22 301.0426168255117 177994800
23 301.0426168255117 182995100
24 301.0426168255117 189995400
25 301.0426168255117 194995200
26 301.0426168255117 199995400
27 301.0426168255117 205995100
28 301.0426168255117 210995200
29 301.0426168255117 216071700
30 301.0426168255117 222038600
31 301.0426168255117 229037200
32 301.0426168255117 238036700
33 301.0426168255117 245039500
34 301.0426168255117 250037400
35 301.0426168255117 255039300
36 301.0426168255117 260039700
37 301.0426168255117 266039500
38 301.0426168255117 271039300
39 297.6651639446689 279145900
40 297.6651639446689 285039700
41 297.6651639446689 292037000
42 297.6651639446689 301037000
43 297.6651639446689 309036900
44 297.6651639446689 317036200
45 297.6651639446689 322036100
46 297.6651639446689 327036200
47 291.7908508807222 332036100
48 291.7908508807222 341037000
49 291.7908508807222 351036900
50 291.7908508807222 356039400
51 291.7908508807222 362040700
52 291.7908508807222 368041100
53 291.7908508807222 374041500
54 279.3040695547008 379040300
55 279.3040695547008 385039500
56 279.3040695547008 391037700
57 279.3040695547008 396039500
58 279.3040695547008 401039400
59 279.3040695547008 407039300
60 279.3040695547008 412039300
61 279.3040695547008 420037700
62 279.3040695547008 429040000
63 279.3040695547008 435040000
64 279.3040695547008 440039800
65 279.3040695547008 445039400
66 279.3040695547008 454036800
67 279.3040695547008 463039900
68 279.3040695547008 468038700
69 279.3040695547008 473037000
70 279.3040695547008 478036800
71 279.3040695547008 484036200
72 279.3040695547008 489036200
73 279.3040695547008 494036200
74 279.3040695547008 499036000
75 279.3040695547008 504036100
76 279.3040695547008 511036500
77 279.3040695547008 517037200
78 279.3040695547008 523037600
79 279.3040695547008 528036200
80 279.30406955470073 537036100
81 279.30406955470073 542071400
82 279.30406955470073 548036900
83 279.30406955470073 553040400
84 279.30406955470073 560039500
85 279.30406955470073 565039300
86 279.30406955470073 572039900
87 279.30406955470073 577039500
88 279.30406955470073 584040800
89 279.30406955470073 592036800
90 279.30406955470073 597036500
91 279.30406955470073 603036900
92 279.30406955470073 608039400
93 279.30406955470073 614039100
94 279.30406955470073 624038900
95 279.30406955470073 629039600
96 279.30406955470073 635037000
97 279.30406955470073 640039500
98 279.30406955470073 646040300
99 279.30406955470073 655072500
100 279.30406955470073 664037500
101 279.30406955470073 670042200
102 279.30406955470073 680041500
103 279.30406955470073 687038800
104 279.30406955470073 698042200
105 279.30406955470073 709070600
106 279.30406955470073 720040200
107 279.30406955470073 726041000
108 279.30406955470073 736038100
109 279.30406955470073 742041600
110 279.30406955470073 755039300
111 279.30406955470073 762077600
112 279.30406955470073 768041200
113 279.30406955470073 773067600
114 279.30406955470073 782069400
115 279.30406955470073 787037100
116 279.30406955470073 793037000
117 279.30406955470073 798073900
118 279.30406955470073 804039100
119 279.30406955470073 809070600
120 279.30406955470073 815039100
121 279.30406955470073 820036900
122 279.30406955470073 826036200
123 279.30406955470073 831036100
124 279.30406955470073 836036400
125 279.30406955470073 841036100
126 279.30406955470073 847036100
127 279.30406955470073 852036500
128 279.30406955470073 858036400
129 279.30406955470073 864036300
130 279.30406955470073 873036000
131 279.30406955470073 878040100
132 279.30406955470073 884070300
133 279.30406955470073 889072900
134 279.30406955470073 894073000
135 279.30406955470073 903069300
136 279.30406955470073 909039300
137 279.30406955470073 914036700
138 279.30406955470073 919036100
139 279.30406955470073 924036000
140 279.30406955470073 929036100
141 279.30406955470073 935036300
142 279.30406955470073 940036100
143 279.30406955470073 945036000
144 279.30406955470073 950036000
145 279.30406955470073 955036100
146 279.30406955470073 960036100
147 279.30406955470073 966036000
148 279.30406955470073 971036100
149 279.30406955470073 976036000
150 279.30406955470073 981036000
151 279.30406955470073 987038900
152 279.30406955470073 994073800
153 279.30406955470073 1005043100
154 279.30406955470073 1015036800
155 279.30406955470073 1021039000
156 279.30406955470073 1026039900
157 279.30406955470073 1032073100
158 279.30406955470073 1037072500
159 279.30406955470073 1044039500
160 279.30406955470073 1049039500
161 279.30406955470073 1054039200
162 279.30406955470073 1064072600
163 279.30406955470073 1074070400
164 279.30406955470073 1084068700
165 279.30406955470073 1095120700
166 279.30406955470073 1106118300
167 279.30406955470073 1121118400
168 279.30406955470073 1128118500
169 279.30406955470073 1135116100
170 279.30406955470073 1146119500
171 279.30406955470073 1156118700
172 279.30406955470073 1162149700
173 279.30406955470073 1171142400
174 279.30406955470073 1178118300
175 279.30406955470073 1183117600
176 279.30406955470073 1188117600
177 279.30406955470073 1193117500
178 279.30406955470073 1202117900
179 279.30406955470073 1211118100
180 279.30406955470073 1216115600
181 279.30406955470073 1221118000
182 279.30406955470073 1226118000
183 279.30406955470073 1236115500
184 279.30406955470073 1242117100
185 279.30406955470073 1247118200
186 279.30406955470073 1252118000
187 279.30406955470073 1257118000
188 279.30406955470073 1266115500
189 279.30406955470073 1274118300
190 279.30406955470073 1279116000
191 279.30406955470073 1289118400
192 279.30406955470073 1294114800
193 279.30406955470073 1302115100
194 279.30406955470073 1307114800
195 279.30406955470073 1312114700
196 279.30406955470073 1317114700
197 279.30406955470073 1322115100
198 279.30406955470073 1328114800
199 279.30406955470073 1333114600
200 279.30406955470073 1338119000
201 279.30406955470073 1343118700
202 279.30406955470073 1349119700
203 279.30406955470073 1356118300
204 279.30406955470073 1361117900
205 279.30406955470073 1367120200
206 279.30406955470073 1373117800
207 279.30406955470073 1379119700
208 279.30406955470073 1384117800
209 279.30406955470073 1389124700
210 279.30406955470073 1394148400
211 279.30406955470073 1399147600
212 279.30406955470073 1405150600
213 279.30406955470073 1410150200
214 279.30406955470073 1415148500
215 279.30406955470073 1420150400
216 279.30406955470073 1425148900
217 279.30406955470073 1430148800
218 279.30406955470073 1438118400
219 279.30406955470073 1443118200
220 279.30406955470073 1448118500
221 279.30406955470073 1453118100
222 279.30406955470073 1459118400
223 279.30406955470073 1466154000
224 279.30406955470073 1477148000
225 279.30406955470073 1485118600
226 279.30406955470073 1490118400
227 279.30406955470073 1496115200
228 279.30406955470073 1501114900
229 279.30406955470073 1506114800
230 279.30406955470073 1511114900
231 279.30406955470073 1516114700
232 279.30406955470073 1521114800
233 279.30406955470073 1526114700
234 279.30406955470073 1532115100
235 279.30406955470073 1537114800
236 279.30406955470073 1542114800
237 279.30406955470073 1547114700
238 279.30406955470073 1552114700
239 279.30406955470073 1560117700
240 279.30406955470073 1570117800
241 279.30406955470073 1576117900
242 279.30406955470073 1581117500
243 279.30406955470073 1586117500
244 279.30406955470073 1591122400
245 279.30406955470073 1596117700
246 279.30406955470073 1602118100
247 279.30406955470073 1611115000
248 279.30406955470073 1616118000
249 279.30406955470073 1622118000
250 279.30406955470073 1627117900
251 279.30406955470073 1633116100
252 279.30406955470073 1639115000
253 279.30406955470073 1644114900
254 279.30406955470073 1649115000
255 279.30406955470073 1657118200
256 279.30406955470073 1663116100
257 279.30406955470073 1671118100
258 279.30406955470073 1678118600
259 279.30406955470073 1683151200
260 279.30406955470073 1688118000
261 279.30406955470073 1693117900
262 279.30406955470073 1699129800
263 279.30406955470073 1704148600
264 279.30406955470073 1709129300
265 279.30406955470073 1714152200
266 279.30406955470073 1719128200
267 279.30406955470073 1725150300
268 279.30406955470073 1730117800
269 279.30406955470073 1735149300
270 279.30406955470073 1740149100
271 279.30406955470073 1747118500
272 279.30406955470073 1757140800
273 279.30406955470073 1766118200
274 279.30406955470073 1771118000
275 279.30406955470073 1776118000
276 279.30406955470073 1781118100
277 279.30406955470073 1786118000
278 279.30406955470073 1791118000
279 279.30406955470073 1797115000
280 279.30406955470073 1802114800
281 279.30406955470073 1807114700
282 279.30406955470073 1812114700
283 279.30406955470073 1817114700
284 279.30406955470073 1822114800
285 279.30406955470073 1829148500
286 279.30406955470073 1834114800
287 279.30406955470073 1839114800
288 279.30406955470073 1845114900
289 279.30406955470073 1850115200
290 279.30406955470073 1855115000
291 279.30406955470073 1860115500
292 279.30406955470073 1866115200
293 279.30406955470073 1872149600
294 279.30406955470073 1879115800
295 279.30406955470073 1884114700
296 279.30406955470073 1889114900
297 279.30406955470073 1894114600
298 279.30406955470073 1899114800
299 279.30406955470073 1908149100
300 279.30406955470073 1918148600
301 279.30406955470073 1924119300
302 279.30406955470073 1932151500
303 279.30406955470073 1943150900
304 279.30406955470073 1953154000
305 279.30406955470073 1959118000
306 279.30406955470073 1965118200
307 279.30406955470073 1970117700
308 279.30406955470073 1975117700
309 279.30406955470073 1980117500
310 279.30406955470073 1986118700
311 279.30406955470073 1992118700
312 279.30406955470073 1997149400
313 279.30406955470073 2007118200
314 279.30406955470073 2014118300
315 279.30406955470073 2019118400
316 279.30406955470073 2024118000
317 279.30406955470073 2031149000
318 279.30406955470073 2038118100
319 279.30406955470073 2043118000
320 279.30406955470073 2048118200
321 279.30406955470073 2053117800
322 279.30406955470073 2058118200
323 279.30406955470073 2065118400
324 279.30406955470073 2070118600
325 279.30406955470073 2075118000
326 279.30406955470073 2080118300
327 279.30406955470073 2085117900
328 279.30406955470073 2090118400
329 279.30406955470073 2095118000
330 279.30406955470073 2101118000
331 279.30406955470073 2106118000
332 279.30406955470073 2111117900
333 279.30406955470073 2116118100
334 279.30406955470073 2121118000
335 279.30406955470073 2127118200
336 279.30406955470073 2133118200
337 279.30406955470073 2138118200
338 279.30406955470073 2143118100
339 279.30406955470073 2149118400
340 279.30406955470073 2154117900
341 279.30406955470073 2159116000
342 279.30406955470073 2168115600
343 279.30406955470073 2179116000
344 279.30406955470073 2189116200
345 279.30406955470073 2196115700
346 279.30406955470073 2202117900
347 279.30406955470073 2207117900
348 279.30406955470073 2212118100
349 279.30406955470073 2218118700
350 279.30406955470073 2227115600
351 279.30406955470073 2232118200
352 279.30406955470073 2238115300
353 279.30406955470073 2243115000
354 279.30406955470073 2249116500
355 279.30406955470073 2254118700
356 279.30406955470073 2260117900
357 279.30406955470073 2269119600
358 279.30406955470073 2274120600
359 279.30406955470073 2280117700
360 279.30406955470073 2288118400
361 279.30406955470073 2294118100
362 279.30406955470073 2300118800
363 279.30406955470073 2305117700
364 279.30406955470073 2310118100
365 279.30406955470073 2315118000
366 279.30406955470073 2321118700
367 279.30406955470073 2326118000
368 279.30406955470073 2331117900
369 279.30406955470073 2336118000
370 279.30406955470073 2341118100
371 279.30406955470073 2347118000
372 279.30406955470073 2352118100
373 279.30406955470073 2357118300
374 279.30406955470073 2365117500
375 279.30406955470073 2371118500
376 279.30406955470073 2376118500
377 279.30406955470073 2381118000
378 279.30406955470073 2386118000
379 279.30406955470073 2391118100
380 279.30406955470073 2396118200
381 279.30406955470073 2401118100
382 279.30406955470073 2407118000
383 279.30406955470073 2417115600
384 279.30406955470073 2423118100
385 279.30406955470073 2429118300
386 279.30406955470073 2434118100
387 279.30406955470073 2439408900
388 279.30406955470073 2449141800
389 279.30406955470073 2459141700
390 279.30406955470073 2465145700
391 279.30406955470073 2470145400
392 279.30406955470073 2475176200
393 279.30406955470073 2482144900
394 279.30406955470073 2488176500
395 279.30406955470073 2495176000
396 279.30406955470073 2504175200
397 279.30406955470073 2514177400
398 279.30406955470073 2523176200
399 279.30406955470073 2528145400
400 279.30406955470073 2533145100
401 279.30406955470073 2539146000
402 279.30406955470073 2544145900
403 279.30406955470073 2550146200
404 279.30406955470073 2559181300
405 279.30406955470073 2568158400
406 279.30406955470073 2574142700
407 279.30406955470073 2580147600
408 279.30406955470073 2586142600
409 279.30406955470073 2591142700
410 279.30406955470073 2597143200
411 279.30406955470073 2603145500
412 279.30406955470073 2608145100
413 279.30406955470073 2613145100
414 279.30406955470073 2621167800
415 279.30406955470073 2627145500
416 279.30406955470073 2632145500
417 279.30406955470073 2637144900
418 279.30406955470073 2642144800
419 279.30406955470073 2647144900
420 279.30406955470073 2653176900
421 279.30406955470073 2658179400
422 279.30406955470073 2664176600
423 279.30406955470073 2672174500
424 279.30406955470073 2682173800
425 279.30406955470073 2691145100
426 279.30406955470073 2696145200
427 279.30406955470073 2701144900
428 279.30406955470073 2706145100
429 279.30406955470073 2712145300
430 279.30406955470073 2717145000
431 279.30406955470073 2722145000
432 279.30406955470073 2727142600
433 279.30406955470073 2735142700
434 279.30406955470073 2745142500
435 279.30406955470073 2752145000
436 279.30406955470073 2759143900
437 279.30406955470073 2770142800
438 279.30406955470073 2780177200
439 279.30406955470073 2785145200
440 279.30406955470073 2791145700
441 279.30406955470073 2796145300
442 279.30406955470073 2801144900
443 279.30406955470073 2809192200
444 279.30406955470073 2819192900
445 279.30406955470073 2827145200
446 279.30406955470073 2832144900
447 279.30406955470073 2837145200
448 279.30406955470073 2842145100
449 279.30406955470073 2847145000
450 279.30406955470073 2852141900
451 279.30406955470073 2860149000
452 279.30406955470073 2868145800
453 279.30406955470073 2873143200
454 279.30406955470073 2879141900
455 279.30406955470073 2887144700
456 279.30406955470073 2898143400
457 279.30406955470073 2908176100
458 279.30406955470073 2914145200
459 279.30406955470073 2920144600
460 279.30406955470073 2925144400
461 279.30406955470073 2930145000
462 279.30406955470073 2935144600
463 279.30406955470073 2940145400
464 279.30406955470073 2946145800
465 279.30406955470073 2952144600
466 279.30406955470073 2962144500
467 279.30406955470073 2972142600
468 279.30406955470073 2977142400
469 279.30406955470073 2982141800
470 279.30406955470073 2988142200
471 279.30406955470073 2993141900
472 279.30406955470073 2998141800
473 279.30406955470073 3004142100
474 279.30406955470073 3011175000
475 279.30406955470073 3019145700
476 279.30406955470073 3024145000
477 279.30406955470073 3029145600
478 279.30406955470073 3034145000
479 279.30406955470073 3043175400
480 279.30406955470073 3053177500
481 279.30406955470073 3060141800
482 279.30406955470073 3065141900
483 279.30406955470073 3071145600
484 279.30406955470073 3076145000
485 279.30406955470073 3081144900
486 279.30406955470073 3087179400
487 279.30406955470073 3098176300
488 279.30406955470073 3108174800
489 279.30406955470073 3116176400
490 279.30406955470073 3122145100
491 279.30406955470073 3127145100
492 279.30406955470073 3132144900
493 279.30406955470073 3137145000
494 279.30406955470073 3142144800
495 279.30406955470073 3148145500
496 279.30406955470073 3153142900
497 279.30406955470073 3163142400
498 279.30406955470073 3172141900
499 279.30406955470073 3178142200
Best cost: 279.30406955470073
Path taken: 2 0 11 6 3 14 1 5 9 10 15 8 13 7 12 4