Problem size: small
0 371.10820310874965 5999100
1 371.10820310874965 12002500
2 371.10820310874965 20001400
3 371.10820310874965 29001600
4 371.10820310874965 35999900
5 371.10820310874965 43001400
6 371.10820310874965 47999000
7 371.10820310874965 53999300
8 371.10820310874965 58999100
9 371.10820310874965 63999100
10 371.10820310874965 68999000
11 371.10820310874965 73999700
12 371.10820310874965 78999000
13 344.9925416900198 83999400
14 344.9925416900198 88999300
15 344.9925416900198 93999100
16 344.9925416900198 98999100
17 344.9925416900198 103999000
18 344.9925416900198 108998900
19 344.9925416900198 113999000
20 344.9925416900198 118999100
21 344.9925416900198 123999000
22 344.9925416900198 129031100
23 344.9925416900198 134033700
24 344.9925416900198 138999700
25 344.9925416900198 144033300
26 344.9925416900198 149033300
27 344.9925416900198 154002400
28 344.9925416900198 159002100
29 331.5970267105845 164002300
30 331.5970267105845 169002200
31 331.5970267105845 174002100
32 331.5970267105845 180002700
33 331.5970267105845 187034800
34 329.4827154030148 192026200
35 291.0130118403706 197027800
36 291.0130118403706 202033300
37 291.0130118403706 207031300
38 291.0130118403706 211033000
39 291.0130118403706 216030700
40 291.0130118403706 221033400
41 291.0130118403706 226031400
42 291.0130118403706 231035000
43 291.0130118403706 236031400
44 291.0130118403706 241031100
45 291.0130118403706 246030600
46 291.0130118403706 251032700
47 291.0130118403706 256033800
48 291.0130118403706 261033400
49 291.0130118403706 265032200
50 291.0130118403706 270033000
51 291.0130118403706 276000300
52 291.0130118403706 282036700
53 291.0130118403706 287033000
54 291.0130118403706 292000700
55 291.0130118403706 297033000
56 291.0130118403706 302029600
57 291.0130118403706 307030800
58 291.0130118403706 312032400
59 291.0130118403706 317032800
60 291.0130118403706 322032800
61 291.0130118403706 327032700
62 291.0130118403706 331032300
63 291.0130118403706 336032100
64 291.0130118403706 341028600
65 291.0130118403706 346031700
66 291.0130118403706 351032500
67 291.0130118403706 356033500
68 291.0130118403706 361032400
69 291.0130118403706 365031500
70 279.3040695547008 370030600
71 279.3040695547008 375034700
72 279.3040695547008 380031200
73 279.3040695547008 385032600
74 279.3040695547008 390032700
75 279.3040695547008 395031200
76 279.3040695547008 399032600
77 279.3040695547008 404031300
78 279.3040695547008 409032300
79 279.3040695547008 414031900
80 279.3040695547008 419033100
81 279.3040695547008 424033500
82 279.3040695547008 429031600
83 279.3040695547008 434033200
84 279.3040695547008 439033200
85 279.3040695547008 443031400
86 279.30406955470073 448034100
87 279.30406955470073 453028800
88 279.30406955470073 458030500
89 279.30406955470073 463033000
90 279.30406955470073 467999800
91 279.30406955470073 472999800
92 279.30406955470073 477999900
93 279.30406955470073 483998600
94 279.30406955470073 488999600
95 279.30406955470073 493999900
96 279.30406955470073 499000900
97 279.30406955470073 504000200
98 279.30406955470073 508999700
99 279.30406955470073 515000000
100 279.30406955470073 523999700
101 279.30406955470073 531999900
102 279.30406955470073 540000000
103 279.30406955470073 550000100
104 279.30406955470073 559001800
105 279.30406955470073 566000300
106 279.30406955470073 573000100
107 279.30406955470073 578999100
108 279.30406955470073 583998900
109 279.30406955470073 590000900
110 279.30406955470073 596000500
111 279.30406955470073 602000700
112 279.30406955470073 607999000
113 279.30406955470073 614000600
114 279.30406955470073 618999800
115 279.30406955470073 625000100
116 279.30406955470073 629999400
117 279.30406955470073 634999100
118 279.30406955470073 640000100
119 279.30406955470073 644999200
120 279.30406955470073 650033800
121 279.30406955470073 655027700
122 279.30406955470073 660031400
123 279.30406955470073 665031600
124 279.30406955470073 670033200
125 279.30406955470073 675033600
126 279.30406955470073 679034300
127 279.30406955470073 684032600
128 279.30406955470073 689026200
129 279.30406955470073 693999800
130 279.30406955470073 699031200
131 279.30406955470073 704035100
132 279.30406955470073 709033900
133 279.30406955470073 714033600
134 279.30406955470073 719031900
135 279.30406955470073 724032100
136 279.30406955470073 729030600
137 279.30406955470073 734002400
138 279.30406955470073 738032600
139 279.30406955470073 743036000
140 279.30406955470073 748032000
141 279.30406955470073 753032700
142 279.30406955470073 758032100
143 279.30406955470073 763031300
144 279.30406955470073 768038900
145 279.30406955470073 773034100
146 279.30406955470073 778033000
147 279.30406955470073 783032700
148 279.30406955470073 787033500
149 279.30406955470073 792025100
150 279.30406955470073 797033600
151 279.30406955470073 802999300
152 279.30406955470073 808007700
153 279.30406955470073 814006700
154 279.30406955470073 818999400
155 279.30406955470073 824032200
156 279.30406955470073 829033400
157 279.30406955470073 834031100
158 279.30406955470073 839034500
159 279.30406955470073 844036300
160 279.30406955470073 849031700
161 279.30406955470073 854033200
162 279.30406955470073 859032100
163 279.30406955470073 864037000
164 279.30406955470073 868034000
165 279.30406955470073 873040700
166 279.30406955470073 878234500
167 279.30406955470073 883225800
168 279.30406955470073 888228300
169 279.30406955470073 893226100
170 279.30406955470073 898226200
171 279.30406955470073 902228600
172 279.30406955470073 907225600
173 279.30406955470073 912227400
174 279.30406955470073 917225500
175 279.30406955470073 922225600
176 279.30406955470073 927226300
177 279.30406955470073 932230700
178 279.30406955470073 937227300
179 279.30406955470073 942225800
180 279.30406955470073 947226600
181 279.30406955470073 952228300
182 279.30406955470073 957196600
183 279.30406955470073 961230100
184 279.30406955470073 966233700
185 279.30406955470073 971226800
186 279.30406955470073 976226900
187 279.30406955470073 981225400
188 279.30406955470073 986226200
189 279.30406955470073 991225500
190 279.30406955470073 996228300
191 279.30406955470073 1001226800
192 279.30406955470073 1005226500
193 279.30406955470073 1010225600
194 279.30406955470073 1015225900
195 279.30406955470073 1020222600
196 279.30406955470073 1025231900
197 279.30406955470073 1030223600
198 279.30406955470073 1035227500
199 279.30406955470073 1040227500
200 279.30406955470073 1044228500
201 279.30406955470073 1050195300
202 279.30406955470073 1056201700
203 279.30406955470073 1061225700
204 279.30406955470073 1067221400
205 279.30406955470073 1072220100
206 279.30406955470073 1076229600
207 279.30406955470073 1082226200
208 279.30406955470073 1086221700
209 279.30406955470073 1091221600
210 279.30406955470073 1096228300
211 279.30406955470073 1101220800
212 279.30406955470073 1106232600
213 279.30406955470073 1111227100
214 279.30406955470073 1116226300
215 279.30406955470073 1121225600
216 279.30406955470073 1125229600
217 279.30406955470073 1130225700
218 279.30406955470073 1135224400
219 279.30406955470073 1140226200
220 279.30406955470073 1145194800
221 279.30406955470073 1150226100
222 279.30406955470073 1155227300
223 279.30406955470073 1161225800
224 279.30406955470073 1165231100
225 279.30406955470073 1170225800
226 279.30406955470073 1175226000
227 279.30406955470073 1180221100
228 279.30406955470073 1185196200
229 279.30406955470073 1190230200
230 279.30406955470073 1195227600
231 279.30406955470073 1200225900
232 279.30406955470073 1205227400
233 279.30406955470073 1210226900
234 279.30406955470073 1214229100
235 279.30406955470073 1219225700
236 279.30406955470073 1224196000
237 279.30406955470073 1229231600
238 279.30406955470073 1234228700
239 279.30406955470073 1239226500
240 279.30406955470073 1244226600
241 279.30406955470073 1249232800
242 279.30406955470073 1254225500
243 279.30406955470073 1259232800
244 279.30406955470073 1263232000
245 279.30406955470073 1268227100
246 279.30406955470073 1273227800
247 279.30406955470073 1278226300
248 279.30406955470073 1283225700
249 279.30406955470073 1288228100
250 279.30406955470073 1293226500
251 279.30406955470073 1299195000
252 279.30406955470073 1304227300
253 279.30406955470073 1310204500
254 279.30406955470073 1315235900
255 279.30406955470073 1320228400
256 279.30406955470073 1325226300
257 279.30406955470073 1330233200
258 279.30406955470073 1335225800
259 279.30406955470073 1340225800
260 279.30406955470073 1345231700
261 279.30406955470073 1350224400
262 279.30406955470073 1354228400
263 279.30406955470073 1359224500
264 279.30406955470073 1364228900
265 279.30406955470073 1369226800
266 279.30406955470073 1374227100
267 279.30406955470073 1379226500
268 279.30406955470073 1383228300
269 279.30406955470073 1388226000
270 279.30406955470073 1393226400
271 279.30406955470073 1398223000
272 279.30406955470073 1403225900
273 279.30406955470073 1408220800
274 279.30406955470073 1413225600
275 279.30406955470073 1418225400
276 279.30406955470073 1423224400
277 279.30406955470073 1427226400
278 279.30406955470073 1432226100
279 279.30406955470073 1437231400
280 279.30406955470073 1443227100
281 279.30406955470073 1447227700
282 279.30406955470073 1452230900
283 279.30406955470073 1457232800
284 279.30406955470073 1462224100
285 279.30406955470073 1467226300
286 279.30406955470073 1472227000
287 279.30406955470073 1477225700
288 279.30406955470073 1481227800
289 279.30406955470073 1486225400
290 279.30406955470073 1491226400
291 279.30406955470073 1496226000
292 279.30406955470073 1501231400
293 279.30406955470073 1506306900
294 279.30406955470073 1511389600
295 279.30406955470073 1516420800
296 279.30406955470073 1521391000
297 279.30406955470073 1526391000
298 279.30406955470073 1531391300
299 279.30406955470073 1536391400
300 279.30406955470073 1540390900
301 279.30406955470073 1546391900
302 279.30406955470073 1552391300
303 279.30406955470073 1557390900
304 279.30406955470073 1562391100
305 279.30406955470073 1568392500
306 279.30406955470073 1573392400
307 279.30406955470073 1578391000
308 279.30406955470073 1583423900
309 279.30406955470073 1589390500
310 279.30406955470073 1594419500
311 279.30406955470073 1599388200
312 279.30406955470073 1604388200
313 279.30406955470073 1608387800
314 279.30406955470073 1614388300
315 279.30406955470073 1618388000
316 279.30406955470073 1623387900
317 279.30406955470073 1629388700
318 279.30406955470073 1638388300
319 279.30406955470073 1646390000
320 279.30406955470073 1651390100
321 279.30406955470073 1656390100
322 279.30406955470073 1661390400
323 279.30406955470073 1666390000
324 279.30406955470073 1671390100
325 279.30406955470073 1676390300
326 279.30406955470073 1681390000
327 279.30406955470073 1686390000
328 279.30406955470073 1691390000
329 279.30406955470073 1696388600
330 279.30406955470073 1702388300
331 279.30406955470073 1707388900
332 279.30406955470073 1712388500
333 279.30406955470073 1717388200
334 279.30406955470073 1722387900
335 279.30406955470073 1727388100
336 279.30406955470073 1732388200
337 279.30406955470073 1737421700
338 279.30406955470073 1742392200
339 279.30406955470073 1747419700
340 279.30406955470073 1752419600
341 279.30406955470073 1757422700
342 279.30406955470073 1762419300
343 279.30406955470073 1766420200
344 279.30406955470073 1771419500
345 279.30406955470073 1776421600
346 279.30406955470073 1781419300
347 279.30406955470073 1786417500
348 279.30406955470073 1791419400
349 279.30406955470073 1796422100
350 279.30406955470073 1800423100
351 279.30406955470073 1806388400
352 279.30406955470073 1815390300
353 279.30406955470073 1824390500
354 279.30406955470073 1832388300
355 279.30406955470073 1838392300
356 279.30406955470073 1843389300
357 279.30406955470073 1849388200
358 279.30406955470073 1854387700
359 279.30406955470073 1859387800
360 279.30406955470073 1864387800
361 279.30406955470073 1869387900
362 279.30406955470073 1874388100
363 279.30406955470073 1878387600
364 279.30406955470073 1884391100
365 279.30406955470073 1888390400
366 279.30406955470073 1893390400
367 279.30406955470073 1898388400
368 279.30406955470073 1903387700
369 279.30406955470073 1908387800
370 279.30406955470073 1913387700
371 279.30406955470073 1918416000
372 279.30406955470073 1923418500
373 279.30406955470073 1928418800
374 279.30406955470073 1933420800
375 279.30406955470073 1938421200
376 279.30406955470073 1943424400
377 279.30406955470073 1948421800
378 279.30406955470073 1952419300
379 279.30406955470073 1957418900
380 279.30406955470073 1962422000
381 279.30406955470073 1967420800
382 279.30406955470073 1972419200
383 279.30406955470073 1977388600
384 279.30406955470073 1982387700
385 279.30406955470073 1987387800
386 279.30406955470073 1992387700
387 279.30406955470073 1997387800
388 279.30406955470073 2002387700
389 279.30406955470073 2007388000
390 279.30406955470073 2012391200
391 279.30406955470073 2016390800
392 279.30406955470073 2021390700
393 279.30406955470073 2026391100
394 279.30406955470073 2031390900
395 279.30406955470073 2036390800
396 279.30406955470073 2041390800
397 279.30406955470073 2046390800
398 279.30406955470073 2051391000
399 279.30406955470073 2056391000
400 279.30406955470073 2061390800
401 279.30406955470073 2066391000
402 279.30406955470073 2072421000
403 279.30406955470073 2076421300
404 279.30406955470073 2081420200
405 279.30406955470073 2086423100
406 279.30406955470073 2092393000
407 279.30406955470073 2097460900
408 279.30406955470073 2102520300
409 279.30406955470073 2107519300
410 279.30406955470073 2112548600
411 279.30406955470073 2117553000
412 279.30406955470073 2122553100
413 279.30406955470073 2127551000
414 279.30406955470073 2131556200
415 279.30406955470073 2136557200
416 279.30406955470073 2141550800
417 279.30406955470073 2146553600
418 279.30406955470073 2151552500
419 279.30406955470073 2156551000
420 279.30406955470073 2161552100
421 279.30406955470073 2166550800
422 279.30406955470073 2170551700
423 279.30406955470073 2175553800
424 279.30406955470073 2180546600
425 279.30406955470073 2185553800
426 279.30406955470073 2190554400
427 279.30406955470073 2195557400
428 279.30406955470073 2200551900
429 279.30406955470073 2204553000
430 279.30406955470073 2209551900
431 279.30406955470073 2214552100
432 279.30406955470073 2219552800
433 279.30406955470073 2224549100
434 279.30406955470073 2229556700
435 279.30406955470073 2234551000
436 279.30406955470073 2238554500
437 279.30406955470073 2243551400
438 279.30406955470073 2248551100
439 279.30406955470073 2253552900
440 279.30406955470073 2258554600
441 279.30406955470073 2263551500
442 279.30406955470073 2268551600
443 279.30406955470073 2273552100
444 279.30406955470073 2278551800
445 279.30406955470073 2283552000
446 279.30406955470073 2287552900
447 279.30406955470073 2292551700
448 279.30406955470073 2297553900
449 279.30406955470073 2302554800
450 279.30406955470073 2307551800
451 279.30406955470073 2313520500
452 279.30406955470073 2319525400
453 279.30406955470073 2325555400
454 279.30406955470073 2329522200
455 279.30406955470073 2334551300
456 279.30406955470073 2339526900
457 279.30406955470073 2344554200
458 279.30406955470073 2349551200
459 279.30406955470073 2354555700
460 279.30406955470073 2359552600
461 279.30406955470073 2364552600
462 279.30406955470073 2369522000
463 279.30406955470073 2373554400
464 279.30406955470073 2378552000
465 279.30406955470073 2383552100
466 279.30406955470073 2388553400
467 279.30406955470073 2393553900
468 279.30406955470073 2398556600
469 279.30406955470073 2402556400
470 279.30406955470073 2407552700
471 279.30406955470073 2413521500
472 279.30406955470073 2417551100
473 279.30406955470073 2422555300
474 279.30406955470073 2427552700
475 279.30406955470073 2432555300
476 279.30406955470073 2437552100
477 279.30406955470073 2442550900
478 279.30406955470073 2446554800
479 279.30406955470073 2451551300
480 279.30406955470073 2456551800
481 279.30406955470073 2461551100
482 279.30406955470073 2466555200
483 279.30406955470073 2471552800
484 279.30406955470073 2476554700
485 279.30406955470073 2481519600
486 279.30406955470073 2486520100
487 279.30406955470073 2491520600
488 279.30406955470073 2496520900
489 279.30406955470073 2501519600
490 279.30406955470073 2506519600
491 279.30406955470073 2511556100
492 279.30406955470073 2516554500
493 279.30406955470073 2521520200
494 279.30406955470073 2526519600
495 279.30406955470073 2531551300
496 279.30406955470073 2536551000
497 279.30406955470073 2541552100
498 279.30406955470073 2545546900
499 279.30406955470073 2550545400
Best cost: 279.30406955470073
Path taken: 2 0 11 6 3 14 1 5 9 10 15 8 13 7 12 4