Problem size: medium
0 643.3144952383911 73042600
1 643.3144952383911 81995100
2 558.7509092723839 89037100
3 558.7509092723839 108997100
4 558.7509092723839 116995600
5 558.7509092723839 124996700
6 558.7509092723839 132996000
7 558.7509092723839 140994200
8 558.7509092723839 147995100
9 558.7509092723839 155994300
10 558.7509092723839 162995100
11 551.5702112170591 169994200
12 551.5702112170591 177994100
13 551.5702112170591 184995000
14 551.5702112170591 192994200
15 551.5702112170591 199996800
16 551.5702112170591 207994400
17 551.5702112170591 213995100
18 551.5702112170591 221994700
19 551.5702112170591 229029900
20 551.5702112170591 237035200
21 551.5702112170591 244033800
22 551.5702112170591 250994700
23 551.5702112170591 258998400
24 551.5702112170591 266997900
25 551.5702112170591 274023600
26 551.5702112170591 281996200
27 551.5702112170591 288994300
28 551.5702112170591 296993600
29 551.5702112170591 303994100
30 551.5702112170591 311995300
31 551.5702112170591 318994500
32 548.6708208456487 326994900
33 548.6708208456487 334994300
34 548.6708208456487 341995300
35 548.6708208456487 349994600
36 548.6708208456487 356995400
37 548.6708208456487 364994100
38 548.6708208456487 371995100
39 548.6708208456487 379995900
40 548.6708208456487 387994600
41 548.6708208456487 394995300
42 548.6708208456487 401994100
43 531.9370483272 409994500
44 531.9370483272 417994400
45 531.9370483272 424994900
46 531.9370483272 432994300
47 531.9370483272 439994800
48 531.9370483272 447994400
49 531.9370483272 454994900
50 530.7016012487569 462994600
51 530.7016012487569 470997300
52 530.7016012487569 478997200
53 530.7016012487569 486994800
54 530.7016012487569 494994300
55 530.7016012487569 501994700
56 530.7016012487569 509995300
57 530.7016012487569 517994100
58 530.7016012487569 524993100
59 530.7016012487569 531994300
60 512.0212772071352 539995200
61 512.0212772071352 545996500
62 512.0212772071352 553994500
63 512.0212772071352 561027200
64 512.0212772071352 568994500
65 512.0212772071352 575994500
66 512.0212772071352 583994500
67 512.0212772071352 591028900
68 512.0212772071352 599039200
69 492.47950176835593 605995400
70 492.47950176835593 612994200
71 492.47950176835593 620995300
72 492.47950176835593 627994700
73 492.47950176835593 634994100
74 439.7241033614011 642994300
75 439.7241033614011 650994100
76 439.7241033614011 659029600
77 439.7241033614011 665994600
78 439.7241033614011 672994400
79 439.7241033614011 679994600
80 439.7241033614011 687994500
81 439.7241033614011 694994500
82 439.7241033614011 701994400
83 439.7241033614011 709993900
84 439.7241033614011 716994100
85 439.7241033614011 724995800
86 439.7241033614011 731994100
87 439.7241033614011 739996200
88 439.7241033614011 746994100
89 439.7241033614011 753996800
90 439.7241033614011 761994200
91 439.7241033614011 768994800
92 439.7241033614011 776993800
93 439.7241033614011 783994100
94 439.7241033614011 791994000
95 439.7241033614011 798993800
96 439.7241033614011 806993900
97 439.7241033614011 813994100
98 439.7241033614011 820994700
99 439.7241033614011 828994100
100 439.7241033614011 836994000
101 439.7241033614011 844996200
102 439.7241033614011 853994200
103 439.7241033614011 874996800
104 439.7241033614011 882995500
105 439.7241033614011 891995800
106 439.7241033614011 900000200
107 439.7241033614011 907993900
108 439.7241033614011 915994300
109 439.7241033614011 922994600
110 439.7241033614011 930995100
111 439.7241033614011 937994200
112 439.7241033614011 944994100
113 439.7241033614011 952993700
114 439.7241033614011 959993200
115 439.7241033614011 967993600
116 439.7241033614011 974993600
117 439.7241033614011 981994000
118 439.7241033614011 989994800
119 439.7241033614011 996994900
120 439.7241033614011 1004994100
121 439.7241033614011 1012994100
122 439.7241033614011 1019996300
123 439.7241033614011 1027996200
124 439.7241033614011 1034994700
125 439.7241033614011 1042993800
126 439.7241033614011 1049993000
127 439.7241033614011 1056994200
128 439.7241033614011 1064995100
129 439.7241033614011 1071993100
130 439.7241033614011 1079994300
131 439.7241033614011 1087995200
132 439.7241033614011 1094996800
133 439.7241033614011 1102995600
134 439.7241033614011 1110995200
135 439.7241033614011 1118997000
136 439.7241033614011 1125996000
137 439.7241033614011 1133993300
138 439.7241033614011 1141993600
139 439.7241033614011 1148994900
140 439.7241033614011 1156994500
141 439.7241033614011 1163995300
142 439.7241033614011 1171993700
143 439.7241033614011 1179996400
144 439.7241033614011 1186994400
145 439.7241033614011 1194995200
146 439.7241033614011 1204000900
147 432.91441690291384 1211994100
148 432.91441690291384 1218995400
149 432.91441690291384 1226995100
150 432.91441690291384 1234994900
151 432.91441690291384 1244994900
152 432.91441690291384 1255995900
153 432.91441690291384 1264996400
154 432.91441690291384 1272995900
155 432.91441690291384 1280996200
156 432.91441690291384 1289995000
157 432.91441690291384 1297995200
158 432.91441690291384 1305995000
159 432.91441690291384 1313995800
160 432.91441690291384 1321995800
161 432.91441690291384 1330994200
162 432.91441690291384 1339995500
163 432.91441690291384 1347995500
164 432.91441690291384 1357994100
165 432.91441690291384 1365995300
166 432.91441690291384 1372996400
167 432.91441690291384 1382997700
168 432.91441690291384 1390995100
169 432.91441690291384 1398995400
170 432.91441690291384 1405995600
171 432.91441690291384 1413995100
172 432.91441690291384 1421994700
173 432.91441690291384 1429994000
174 432.91441690291384 1436995000
175 432.91441690291384 1444994900
176 432.91441690291384 1451994200
177 432.91441690291384 1459995200
178 432.91441690291384 1467995800
179 432.91441690291384 1474994000
180 432.91441690291384 1482994200
181 432.91441690291384 1489994800
182 432.91441690291384 1497995100
183 432.91441690291384 1504994900
184 432.91441690291384 1512994700
185 432.91441690291384 1520994300
186 432.91441690291384 1527995000
187 432.91441690291384 1534994600
188 432.91441690291384 1542994700
189 432.91441690291384 1549994800
190 432.91441690291384 1557994900
191 432.91441690291384 1564994700
192 432.91441690291384 1572994900
193 432.91441690291384 1579994700
194 432.91441690291384 1586994700
195 432.91441690291384 1594994600
196 432.91441690291384 1601994800
197 432.91441690291384 1609994400
198 428.86264352494845 1617994700
199 428.86264352494845 1626993900
200 428.86264352494845 1633996700
201 428.86264352494845 1642998700
202 428.86264352494845 1650997500
203 428.86264352494845 1658993100
204 428.86264352494845 1666994500
205 428.86264352494845 1673995000
206 428.86264352494845 1681993700
207 428.86264352494845 1688994000
208 428.86264352494845 1696994600
209 428.86264352494845 1703994900
210 428.86264352494845 1711994100
211 428.86264352494845 1718993600
212 428.86264352494845 1725993100
213 428.86264352494845 1733994800
214 428.86264352494845 1741994500
215 428.86264352494845 1748995600
216 428.86264352494845 1755995000
217 425.94978190879544 1762994000
218 425.94978190879544 1770994700
219 425.94978190879544 1777994100
220 425.94978190879544 1785995800
221 425.94978190879544 1792993800
222 425.94978190879544 1800994000
223 425.94978190879544 1807996000
224 425.94978190879544 1815993100
225 425.94978190879544 1822994000
226 425.94978190879544 1830994800
227 425.94978190879544 1837994700
228 425.94978190879544 1845994500
229 425.94978190879544 1852993000
230 425.94978190879544 1859994600
231 425.94978190879544 1867994300
232 425.94978190879544 1874994700
233 422.6940841343295 1882994400
234 422.6940841343295 1889995000
235 422.6940841343295 1897994500
236 422.6940841343295 1904994800
237 422.6940841343295 1911994700
238 422.6940841343295 1918994500
239 422.6940841343295 1926993200
240 422.6940841343295 1933994200
241 422.6940841343295 1941994800
242 422.6940841343295 1949995600
243 422.6940841343295 1956994900
244 422.6940841343295 1963994600
245 422.6940841343295 1971994200
246 422.6940841343295 1979993800
247 422.6940841343295 1986994600
248 422.6940841343295 1994994200
249 422.6940841343295 2002994300
250 422.6940841343295 2009994800
251 422.6940841343295 2018993900
252 422.6940841343295 2026995200
253 422.6940841343295 2034994700
254 422.6940841343295 2041995100
255 422.6940841343295 2049995200
256 422.6940841343295 2056994100
257 422.6940841343295 2064994400
258 422.6940841343295 2072994500
259 422.6940841343295 2079995300
260 422.6940841343295 2087995800
261 422.6940841343295 2094993700
262 422.6940841343295 2101994100
263 422.6940841343295 2109993800
264 422.6940841343295 2116993200
265 422.6940841343295 2123993900
266 422.6940841343295 2131993700
267 422.6940841343295 2138993000
268 422.6940841343295 2145993600
269 422.6940841343295 2152994100
270 422.6940841343295 2160994200
271 422.6940841343295 2167994100
272 422.6940841343295 2175995000
273 422.6940841343295 2183995000
274 422.6940841343295 2190995100
275 422.6940841343295 2198994700
276 422.6940841343295 2205994700
277 422.6940841343295 2213994800
278 422.6940841343295 2220995000
279 422.6940841343295 2228994200
280 422.6940841343295 2235994100
281 422.6940841343295 2242993300
282 422.6940841343295 2249994000
283 422.6940841343295 2257993200
284 422.6940841343295 2264994000
285 422.6940841343295 2272993700
286 422.6940841343295 2279993200
287 422.6940841343295 2286994600
288 422.6940841343295 2293995200
289 422.6940841343295 2300994900
290 422.6940841343295 2308994900
291 422.6940841343295 2316995000
292 422.6940841343295 2323994100
293 419.3723875012355 2331994600
294 419.3723875012355 2339994700
295 419.3723875012355 2346994200
296 419.3723875012355 2354994200
297 419.3723875012355 2362994800
298 419.3723875012355 2369999000
299 419.3723875012355 2377993700
300 419.3723875012355 2385996100
301 419.3723875012355 2393994200
302 419.3723875012355 2403994500
303 419.3723875012355 2410994200
304 419.3723875012355 2418994100
305 419.3723875012355 2426994900
306 419.3723875012355 2433995000
307 419.3723875012355 2441995000
308 419.3723875012355 2448994700
309 419.3723875012355 2456994900
310 419.3723875012355 2464994900
311 419.3723875012355 2472994900
312 419.3723875012355 2479996200
313 419.3723875012355 2487994900
314 419.3723875012355 2495994700
315 419.3723875012355 2502995400
316 419.3723875012355 2510994800
317 419.3723875012355 2518995300
318 419.3723875012355 2525994700
319 419.3723875012355 2533994900
320 419.3723875012355 2540995200
321 419.3723875012355 2547994700
322 419.3723875012355 2555994700
323 419.3723875012355 2562994100
324 419.3723875012355 2570994900
325 419.3723875012355 2577993200
326 419.3723875012355 2585993300
327 419.3723875012355 2592993200
328 419.3723875012355 2599994800
329 419.3723875012355 2607994400
330 419.3723875012355 2614994800
331 419.3723875012355 2621994900
332 419.3723875012355 2629994800
333 419.3723875012355 2637994200
334 419.3723875012355 2645994100
335 419.3723875012355 2652994000
336 419.3723875012355 2659993600
337 419.3723875012355 2667994200
338 419.3723875012355 2674993700
339 419.3723875012355 2681994200
340 419.3723875012355 2689994400
341 419.3723875012355 2696994200
342 419.3723875012355 2704994000
343 419.3723875012355 2712993200
344 419.3723875012355 2719994100
345 419.3723875012355 2727993800
346 419.3723875012355 2734994100
347 419.3723875012355 2742993900
348 419.3723875012355 2749993600
349 419.3723875012355 2757994100
350 419.3723875012355 2765993700
351 419.3723875012355 2773995200
352 419.3723875012355 2798995200
353 419.3723875012355 2808995300
354 419.3723875012355 2820994900
355 419.3723875012355 2828995100
356 419.3723875012355 2836995800
357 419.3723875012355 2844995100
358 419.3723875012355 2851994200
359 419.3723875012355 2859997100
360 419.3723875012355 2867995700
361 419.3723875012355 2874995300
362 419.3723875012355 2882994100
363 419.3723875012355 2890994200
364 419.3723875012355 2898993600
365 419.3723875012355 2905993900
366 419.3723875012355 2913994000
367 419.3723875012355 2920994900
368 419.3723875012355 2928994800
369 419.3723875012355 2935994200
370 419.3723875012355 2943994700
371 419.3723875012355 2950994100
372 419.3723875012355 2957994100
373 419.3723875012355 2964994500
374 419.3723875012355 2972994200
375 419.3723875012355 2980994600
376 419.3723875012355 2987994200
377 419.3723875012355 2995994600
378 419.3723875012355 3002994800
379 419.3723875012355 3010994700
380 419.3723875012355 3017994800
381 419.3723875012355 3025994800
382 419.3723875012355 3032995900
383 419.3723875012355 3040993200
384 419.3723875012355 3047994500
385 419.3723875012355 3055993500
386 419.3723875012355 3062994400
387 419.3723875012355 3070994800
388 419.3723875012355 3077994100
389 419.3723875012355 3085994800
390 419.3723875012355 3093994600
391 419.3723875012355 3100994600
392 419.3723875012355 3108994600
393 419.3723875012355 3115994900
394 419.3723875012355 3123994400
395 419.3723875012355 3130994000
396 419.3723875012355 3137994600
397 419.3723875012355 3145994400
398 419.3723875012355 3152995000
399 419.3723875012355 3160994600
400 419.3723875012355 3167994900
401 419.3723875012355 3176994500
402 419.3723875012355 3183997200
403 419.3723875012355 3192994000
404 419.3723875012355 3198997000
405 419.3723875012355 3206994200
406 419.3723875012355 3213994500
407 419.3723875012355 3221994700
408 419.3723875012355 3228994800
409 419.3723875012355 3236996500
410 419.3723875012355 3243996300
411 419.3723875012355 3251994100
412 419.3723875012355 3258994400
413 419.3723875012355 3265994900
414 419.3723875012355 3272994600
415 419.3723875012355 3280994800
416 419.3723875012355 3287994500
417 419.3723875012355 3295994700
418 419.3723875012355 3302994700
419 419.3723875012355 3309994800
420 419.3723875012355 3317994800
421 419.3723875012353 3325994900
422 419.3723875012353 3333994800
423 419.3723875012353 3340994800
424 419.3723875012353 3348994700
425 419.3723875012353 3355995200
426 419.3723875012353 3362994300
427 419.3723875012353 3370994200
428 419.3723875012353 3378994300
429 419.3723875012353 3385994700
430 419.3723875012353 3393994700
431 419.3723875012353 3400994600
432 419.3723875012353 3408994400
433 419.3723875012353 3415994500
434 419.3723875012353 3423994800
435 419.3723875012353 3430994600
436 419.3723875012353 3438994400
437 419.3723875012353 3446994400
438 419.3723875012353 3453994400
439 419.3723875012353 3461994600
440 419.3723875012353 3469995300
441 419.3723875012353 3477994500
442 419.3723875012353 3484995000
443 419.3723875012353 3492994800
444 419.3723875012353 3500994800
445 419.3723875012353 3507995100
446 419.3723875012353 3514994800
447 419.3723875012353 3522994800
448 419.3723875012353 3530994000
449 419.3723875012353 3537994600
450 419.3723875012353 3545994500
451 419.3723875012353 3553995300
452 419.3723875012353 3564994000
453 419.3723875012353 3572994300
454 419.3723875012353 3580996000
455 419.3723875012353 3588994500
456 419.3723875012353 3595994500
457 419.3723875012353 3603994500
458 419.3723875012353 3611994700
459 419.3723875012353 3619994700
460 419.3723875012353 3627995300
461 419.3723875012353 3634995200
462 419.3723875012353 3642994400
463 419.3723875012353 3650994400
464 419.3723875012353 3658994500
465 419.3723875012353 3665994100
466 419.3723875012353 3673995000
467 419.3723875012353 3680995000
468 419.3723875012353 3687994200
469 419.3723875012353 3695994700
470 419.3723875012353 3702995300
471 419.3723875012353 3710995600
472 419.3723875012353 3717994200
473 419.3723875012353 3724994700
474 419.3723875012353 3732994500
475 419.3723875012353 3739994700
476 419.3723875012353 3747994800
477 419.2809128860912 3754994000
478 419.2809128860912 3762994100
479 419.2809128860912 3770994100
480 419.2809128860912 3777994100
481 419.2809128860912 3785994100
482 419.2809128860912 3793994100
483 419.2809128860912 3800994800
484 419.2809128860912 3808994400
485 419.2809128860912 3815994700
486 419.2809128860912 3822994800
487 419.2809128860912 3830994600
488 419.2809128860912 3837994600
489 419.2809128860912 3845994400
490 419.2809128860912 3852994100
491 419.2809128860912 3860517500
492 419.2809128860912 3867505600
493 419.2809128860912 3875506300
494 419.2809128860912 3882506300
495 419.2809128860912 3890506000
496 419.2809128860912 3897506700
497 419.2809128860911 3905506300
498 419.2809128860911 3912505700
499 419.2809128860911 3919506100
Best cost: 419.2809128860911
Path taken: 30 22 9 23 15 7 6 3 31 8 5 16 25 29 20 24 2 27 4 21 26 12 18 10 28 13 19 14 17 1 11 0