Problem size: medium
0 652.2115834432665 28999400
1 652.2115834432665 67011000
2 652.2115834432665 95996200
3 642.514240526554 121999900
4 642.514240526554 146995700
5 642.514240526554 172995800
6 642.514240526554 198995700
7 642.514240526554 224998500
8 642.514240526554 250998500
9 642.514240526554 276998900
10 591.0856777347698 301995700
11 591.0856777347698 328995900
12 591.0856777347698 353995600
13 591.0856777347698 380029500
14 591.0856777347698 406998600
15 589.4678222105645 432999100
16 589.4678222105645 457995800
17 589.4678222105645 483995900
18 589.4678222105645 509995900
19 589.4678222105645 536028200
20 589.4678222105645 563033200
21 589.3605312257916 588998900
22 589.3605312257916 614999000
23 589.3605312257916 640995800
24 589.3605312257916 666995800
25 589.3605312257916 691995700
26 589.3605312257916 717995700
27 589.3605312257916 745995700
28 589.3605312257916 772998200
29 589.3605312257916 801996800
30 589.3605312257916 829996700
31 589.3605312257916 856997800
32 589.3605312257916 883997000
33 589.3605312257916 910995400
34 589.3605312257916 945996700
35 566.9511547008614 975997400
36 566.9511547008614 1003997500
37 566.9511547008614 1030998500
38 566.9511547008614 1057997300
39 566.9511547008614 1083997300
40 566.9511547008614 1112997800
41 566.9511547008614 1142011600
42 566.9511547008614 1172025400
43 532.344529365167 1201025400
44 532.344529365167 1229025900
45 532.344529365167 1257026100
46 532.344529365167 1287025700
47 532.344529365167 1318025700
48 532.344529365167 1347025500
49 532.344529365167 1375028600
50 532.344529365167 1402028900
51 532.344529365167 1430031000
52 532.344529365167 1458028900
53 532.344529365167 1484028700
54 532.344529365167 1510029200
55 532.344529365167 1536029000
56 532.344529365167 1562028400
57 532.344529365167 1588028900
58 532.344529365167 1615028400
59 532.344529365167 1641028600
60 532.344529365167 1667028900
61 532.344529365167 1693028600
62 532.344529365167 1720106500
63 515.7547534931091 1749059300
64 515.7547534931091 1774059800
65 515.7547534931091 1800070200
66 515.7547534931091 1826071000
67 511.63513422289157 1853067200
68 511.63513422289157 1879067000
69 511.63513422289157 1905067000
70 511.63513422289157 1931066900
71 511.63513422289157 1957066900
72 511.63513422289157 1983067000
73 511.63513422289157 2008067000
74 511.63513422289157 2035067000
75 511.63513422289157 2061067100
76 511.63513422289157 2087067000
77 511.63513422289157 2113067000
78 511.63513422289157 2139098900
79 511.63513422289157 2166099500
80 507.4479346793996 2192110100
81 507.4479346793996 2218036500
82 507.4479346793996 2244402700
83 507.4479346793996 2270478700
84 507.4479346793996 2296635500
85 507.4479346793996 2322708400
86 507.4479346793996 2348687800
87 507.4479346793996 2373719400
88 507.4479346793996 2400740400
89 507.4479346793996 2426770600
90 494.44248916322476 2451790900
91 494.44248916322476 2477821800
92 494.44248916322476 2503852900
93 494.44248916322476 2529859400
94 494.44248916322476 2555859400
95 481.2009344510285 2581859300
96 481.2009344510285 2607859300
97 481.2009344510285 2633862200
98 481.2009344510285 2659861900
99 481.2009344510285 2685884700
100 481.2009344510285 2711905400
101 481.2009344510285 2739904200
102 481.2009344510285 2765930800
103 481.2009344510285 2791901900
104 481.2009344510285 2817916300
105 481.2009344510285 2843915800
106 481.2009344510285 2868916600
107 481.2009344510285 2894916300
108 481.2009344510285 2921916200
109 481.2009344510285 2946916100
110 481.2009344510285 2972916600
111 481.2009344510285 2998916100
112 481.2009344510285 3024913100
113 463.56800938652566 3050913100
114 463.56800938652566 3076912900
115 463.56800938652566 3102913000
116 463.56800938652566 3127913100
117 463.56800938652566 3153915700
118 463.56800938652566 3179912900
119 463.56800938652566 3205913300
120 463.56800938652566 3231913000
121 463.56800938652566 3256913300
122 463.56800938652566 3282913000
123 452.09305056411335 3308913000
124 452.09305056411335 3333913100
125 452.09305056411335 3359912900
126 452.09305056411335 3385913000
127 452.09305056411335 3411913600
128 452.09305056411335 3437912900
129 452.09305056411335 3463913100
130 452.09305056411335 3488913000
131 452.09305056411335 3514913100
132 452.09305056411335 3540912900
133 452.09305056411335 3566913000
134 452.09305056411335 3591913100
135 452.09305056411335 3617913500
136 452.09305056411335 3643913100
137 452.09305056411335 3668912800
138 452.09305056411335 3694913100
139 452.09305056411335 3720913500
140 452.09305056411335 3746913000
141 452.09305056411335 3772913000
142 452.09305056411335 3798912900
143 452.09305056411335 3823913500
144 452.09305056411335 3849913000
145 452.09305056411335 3875913000
146 452.09305056411335 3901913300
147 452.09305056411335 3927913000
148 452.09305056411335 3953913000
149 452.09305056411335 3979914900
150 452.09305056411335 4005914700
151 452.09305056411335 4034966200
152 452.09305056411335 4060944500
153 452.09305056411335 4085941300
154 452.09305056411335 4111939400
155 452.09305056411335 4137944600
156 452.09305056411335 4162948900
157 441.0436028355367 4188916400
158 441.0436028355367 4214916200
159 441.0436028355367 4239916100
160 441.0436028355367 4266916300
161 441.0436028355367 4292916400
162 441.0436028355367 4318916200
163 441.0436028355367 4343916200
164 441.0436028355367 4369916200
165 441.0436028355367 4395913100
166 441.0436028355367 4421913200
167 441.0436028355367 4447913000
168 441.0436028355367 4473913000
169 441.0436028355367 4499913100
170 441.0436028355367 4524913000
171 441.0436028355367 4550913100
172 441.0436028355367 4576912900
173 441.0436028355367 4601913100
174 441.0436028355367 4627913000
175 441.0436028355367 4653913000
176 441.0436028355367 4679913000
177 441.0436028355367 4704913300
178 441.0436028355367 4730912900
179 441.0436028355367 4756913200
180 436.53518388321675 4782913000
181 436.53518388321675 4811914200
182 436.53518388321675 4837913900
183 436.53518388321675 4863949200
184 436.53518388321675 4888942100
185 436.53518388321675 4914944900
186 436.53518388321675 4940945100
187 436.53518388321675 4965946200
188 436.53518388321675 4991916400
189 432.62289755856875 5017916200
190 432.62289755856875 5043916500
191 432.62289755856875 5069916200
192 432.62289755856875 5095916200
193 432.62289755856875 5120916300
194 432.62289755856875 5146916100
195 432.62289755856875 5172945000
196 432.62289755856875 5198945000
197 432.62289755856875 5225945500
198 432.62289755856875 5250946400
199 432.62289755856875 5277948200
200 432.62289755856875 5303946500
201 432.62289755856875 5331948400
202 432.62289755856875 5357945400
203 430.5166966266126 5382947200
204 430.5166966266126 5408913000
205 430.5166966266126 5434913100
206 430.5166966266126 5460913500
207 430.5166966266126 5485913100
208 430.5166966266126 5511913200
209 430.5166966266126 5537912900
210 430.5166966266126 5563913000
211 430.5166966266126 5588913200
212 430.5166966266126 5614913100
213 430.5166966266126 5640913100
214 430.5166966266126 5665913000
215 430.5166966266126 5691915900
216 430.5166966266126 5717915900
217 430.5166966266126 5743916200
218 430.5166966266126 5769916100
219 430.5166966266126 5795916200
220 430.5166966266126 5821916200
221 430.5166966266126 5847916100
222 430.5166966266126 5873916200
223 430.5166966266126 5899916200
224 430.5166966266126 5925916100
225 430.5166966266126 5951956800
226 430.5166966266126 5977946000
227 430.5166966266126 6002945900
228 430.5166966266126 6027949400
229 430.5166966266126 6053946200
230 430.5166966266126 6078946800
231 430.5166966266126 6104942300
232 430.5166966266126 6130944500
233 430.5166966266126 6155945900
234 426.4824983390074 6183913600
235 426.4824983390074 6209945600
236 426.4824983390074 6236945000
237 426.4824983390074 6262948000
238 426.4824983390074 6288948100
239 426.4824983390074 6314947200
240 426.4824983390074 6342078200
241 424.5282156108153 6367112600
242 424.5282156108153 6393098800
243 424.5282156108153 6418082700
244 424.5282156108153 6443105600
245 424.5282156108153 6469114100
246 424.5282156108153 6494113500
247 424.5282156108153 6520113000
248 424.5282156108153 6546116300
249 424.5282156108153 6571111900
250 424.5282156108153 6597115000
251 424.5282156108153 6634111200
252 424.5282156108153 6661113300
253 424.5282156108153 6687083700
254 424.5282156108153 6713083800
255 424.5282156108153 6740083500
256 424.5282156108153 6766083600
257 424.5282156108153 6792083800
258 424.5282156108153 6818084000
259 424.5282156108153 6844083500
260 424.5282156108153 6869083500
261 424.5282156108153 6895083500
262 423.49949806237885 6921083300
263 423.49949806237885 6947083200
264 423.49949806237885 6972083200
265 423.49949806237885 6998083200
266 423.49949806237885 7025083800
267 423.49949806237885 7055080600
268 423.49949806237885 7082083500
269 423.49949806237885 7107083400
270 423.49949806237885 7133084000
271 423.49949806237885 7159083400
272 423.49949806237885 7185083600
273 423.49949806237885 7211083200
274 423.49949806237885 7237080300
275 423.49949806237885 7262080300
276 423.49949806237885 7288590200
277 423.49949806237885 7314590300
278 423.49949806237885 7339590200
279 423.49949806237885 7365590300
280 423.49949806237885 7391590300
281 423.49949806237885 7417593000
282 423.49949806237885 7442593000
283 423.49949806237885 7468593300
284 423.49949806237885 7494590200
285 423.49949806237885 7520590400
286 422.6026095191853 7545590200
287 422.6026095191853 7571590200
288 422.6026095191853 7597590300
289 422.6026095191853 7622590300
290 419.9333887285896 7648590200
291 419.9333887285896 7674590200
292 419.9333887285896 7700590200
293 419.9333887285896 7726618600
294 419.9333887285896 7753621100
295 419.9333887285896 7778594000
296 419.9333887285896 7804599700
297 419.9333887285896 7830593400
298 419.9333887285896 7856593400
299 419.9333887285896 7882593700
300 419.9333887285896 7907593400
301 419.9333887285896 7939590900
302 419.9333887285896 7965590300
303 419.9333887285896 7991590300
304 419.9333887285896 8016622200
305 419.9333887285896 8042623000
306 419.9333887285896 8067628400
307 419.9333887285896 8093624200
308 419.9333887285896 8118621800
309 419.9333887285896 8144621700
310 419.9333887285896 8169624400
311 419.9333887285896 8195623200
312 419.9333887285896 8221622000
313 419.9333887285896 8247627000
314 419.9333887285896 8272621700
315 419.9333887285896 8298591000
316 419.9333887285896 8323626400
317 419.9333887285896 8349623200
318 419.9333887285896 8374622400
319 419.9333887285896 8400624300
320 419.9333887285896 8426625400
321 419.9333887285896 8451622100
322 419.9333887285896 8477626500
323 419.9333887285896 8502590300
324 419.9333887285896 8528590100
325 419.9333887285896 8554590300
326 419.9333887285896 8579590200
327 419.9333887285896 8605590200
328 419.9333887285896 8631590200
329 419.9333887285896 8656590700
330 419.9333887285896 8681590200
331 419.9333887285896 8707590200
332 419.9333887285896 8733590100
333 419.9333887285896 8759590200
334 419.9333887285896 8784590700
335 419.9333887285896 8810590200
336 419.9333887285896 8836590200
337 419.9333887285896 8862590500
338 419.9333887285896 8887590300
339 419.9333887285896 8913590300
340 419.9333887285896 8938590200
341 419.9333887285896 8964590100
342 419.9333887285896 8989590600
343 419.2809128860912 9015590200
344 419.2809128860912 9041590200
345 419.2809128860912 9066590200
346 419.2809128860912 9092590000
347 419.2809128860912 9118622900
348 419.2809128860912 9144591000
349 419.2809128860912 9169590300
350 419.2809128860912 9195590300
351 419.2809128860912 9223590800
352 419.2809128860912 9249621800
353 419.2809128860912 9275623300
354 419.2809128860912 9300623000
355 419.2809128860912 9326616300
356 419.2809128860912 9351615800
357 419.2809128860912 9377621500
358 419.2809128860912 9403590200
359 419.2809128860912 9429590300
360 419.2809128860912 9454590400
361 419.2809128860912 9480590100
362 419.2809128860912 9506590200
363 419.2809128860912 9531590200
364 419.2809128860912 9557590100
365 419.2809128860912 9583590200
366 419.2809128860912 9608590200
367 419.2809128860912 9634590300
368 419.2809128860911 9660591000
369 419.2809128860911 9685590300
370 419.2809128860911 9711590300
371 419.2809128860911 9737593000
372 419.2809128860911 9762593100
373 419.2809128860911 9788594300
374 419.2809128860911 9814593700
375 419.2809128860911 9840593300
376 419.2809128860911 9866593300
377 419.2809128860911 9892593300
378 419.2809128860911 9917593400
379 419.2809128860911 9943593700
380 419.2809128860911 9969591200
381 419.2809128860911 9995591000
382 419.2809128860911 10021624300
383 419.2809128860911 10046618500
384 419.2809128860911 10072621800
385 419.2809128860911 10098600200
386 419.2809128860911 10124591000
387 419.2809128860911 10150591400
388 419.2809128860911 10177616200
389 419.2809128860911 10203623600
390 419.2809128860911 10229590300
391 419.2809128860911 10256590400
392 419.2809128860911 10282592300
393 419.2809128860911 10309590600
394 419.2809128860911 10336591300
395 419.2809128860911 10362624400
396 419.2809128860911 10388590300
397 419.2809128860911 10414612800
398 419.2809128860911 10440590600
399 419.2809128860911 10467590800
400 419.2809128860911 10494619200
401 419.2809128860911 10531619500
402 419.2809128860911 10558617500
403 419.2809128860911 10585626000
404 419.2809128860911 10610622000
405 419.2809128860911 10636625600
406 419.2809128860911 10661617000
407 419.2809128860911 10688625500
408 419.2809128860911 10714593600
409 419.2809128860911 10739622000
410 419.2809128860911 10765591100
411 419.2809128860911 10791625500
412 419.2809128860911 10816660400
413 419.2809128860911 10842663300
414 419.2809128860911 10867665800
415 419.2809128860911 10893664000
416 419.2809128860911 10919628600
417 419.2809128860911 10944628600
418 419.2809128860911 10970662900
419 419.2809128860911 10995660500
420 419.2809128860911 11021665400
421 419.2809128860911 11047655600
422 419.2809128860911 11073657400
423 419.2809128860911 11098663400
424 419.2809128860911 11124661400
425 419.2809128860911 11149661000
426 419.2809128860911 11175660400
427 419.2809128860911 11201661500
428 419.2809128860911 11226664000
429 419.2809128860911 11251666100
430 419.2809128860911 11277628600
431 419.2809128860911 11303628600
432 419.2809128860911 11329628500
433 419.2809128860911 11355628600
434 419.2809128860911 11380628600
435 419.2809128860911 11406628800
436 419.2809128860911 11432628500
437 419.2809128860911 11457628500
438 419.2809128860911 11483628700
439 419.2809128860911 11508628800
440 419.2809128860911 11534628700
441 419.2809128860911 11560628700
442 419.2809128860911 11586628600
443 419.2809128860911 11611628500
444 419.2809128860911 11637628500
445 419.2809128860911 11663628600
446 419.2809128860911 11689628600
447 419.2809128860911 11715628600
448 419.2809128860911 11741628500
449 419.2809128860911 11766628700
450 419.2809128860911 11792629100
451 419.2809128860911 11820658600
452 419.2809128860911 11845662500
453 419.2809128860911 11871660300
454 419.2809128860911 11896660800
455 419.2809128860911 11921660400
456 419.2809128860911 11947661800
457 419.2809128860911 11973629700
458 419.2809128860911 11998663800
459 419.2809128860911 12023660700
460 419.2809128860911 12050628900
461 419.2809128860911 12076657700
462 419.2809128860911 12101659500
463 419.2809128860911 12126637400
464 419.2809128860911 12151660400
465 419.2809128860911 12177665900
466 419.2809128860911 12202664200
467 419.2809128860911 12228660100
468 419.2809128860911 12253661800
469 419.2809128860911 12279628500
470 419.2809128860911 12304779000
471 419.2809128860911 12330780800
472 419.2809128860911 12355779600
473 419.2809128860911 12380779100
474 419.2809128860911 12406748800
475 419.2809128860911 12431779000
476 419.2809128860911 12456775300
477 419.2809128860911 12482777500
478 419.2809128860911 12507777900
479 419.2809128860911 12533778500
480 419.2809128860911 12558780500
481 419.2809128860911 12584775200
482 419.2809128860911 12609778800
483 419.2809128860911 12634783300
484 419.2809128860911 12660181700
485 419.2809128860911 12685928300
486 419.2809128860911 12711968500
487 419.2809128860911 12737051700
488 419.2809128860911 12762489200
489 419.2809128860911 12787599900
490 419.2809128860911 12813616000
491 419.2809128860911 12838571400
492 419.2809128860911 12864690100
493 419.2809128860911 12889729700
494 419.2809128860911 12915805600
495 419.2809128860911 12940853700
496 419.2809128860911 12966963800
497 419.2809128860911 12991935200
498 419.2809128860911 13017958300
499 419.2809128860911 13043958100
Best cost: 419.2809128860911
Path taken: 30 22 9 23 15 7 6 3 31 8 5 16 25 29 20 24 2 27 4 21 26 12 18 10 28 13 19 14 17 1 11 0