Problem size: medium
0 644.7514356785105 17025900
1 644.7514356785105 31033100
2 644.7514356785105 45998900
3 644.7514356785105 59999800
4 644.7514356785105 73023100
5 644.7514356785105 86025200
6 574.2577681685182 99999600
7 574.2577681685182 113025300
8 574.2577681685182 126024700
9 574.2577681685182 139999500
10 574.2577681685182 153027400
11 574.2577681685182 166031900
12 574.2577681685182 188024500
13 574.2577681685182 201024700
14 574.2577681685182 214023300
15 574.2577681685182 228025400
16 574.2577681685182 241026700
17 574.2577681685182 261000800
18 574.2577681685182 277023800
19 574.2577681685182 290037400
20 574.2577681685182 303031000
21 574.2577681685182 317032300
22 574.2577681685182 330025200
23 574.2577681685182 344032200
24 574.2577681685182 357023900
25 574.2577681685182 370025400
26 538.6293731602656 383023500
27 538.6293731602656 397024100
28 538.6293731602656 410025100
29 538.6293731602656 427026600
30 538.6293731602656 439999700
31 538.6293731602656 454026600
32 538.6293731602656 466996600
33 538.6293731602656 480162300
34 538.6293731602656 494162100
35 538.6293731602656 507163600
36 538.6293731602656 520162300
37 538.6293731602656 533162100
38 538.6293731602656 546163300
39 538.6293731602656 560162600
40 538.6293731602656 574136900
41 538.6293731602656 589162100
42 538.6293731602656 602138900
43 538.6293731602656 616139300
44 538.6293731602656 630139700
45 538.6293731602656 643139000
46 538.6293731602656 659136600
47 538.6293731602656 672138800
48 538.6293731602656 686139300
49 535.8273621412294 699138800
50 535.8273621412294 712657400
51 535.8273621412294 728656900
52 535.8273621412294 753691900
53 535.8273621412294 770718200
54 535.8273621412294 784750300
55 535.8273621412294 797752700
56 535.8273621412294 810752000
57 535.8273621412294 824752800
58 480.7792154859014 837752400
59 480.7792154859014 850820400
60 480.7792154859014 864858400
61 480.7792154859014 877892000
62 480.7792154859014 890960700
63 480.7792154859014 903995100
64 480.7792154859014 917029200
65 480.7792154859014 931102700
66 480.7792154859014 944147100
67 480.7792154859014 957175900
68 480.7792154859014 971246800
69 480.7792154859014 984246400
70 480.7792154859014 997281100
71 480.7792154859014 1010352800
72 480.7792154859014 1024392500
73 480.7792154859014 1037388900
74 480.7792154859014 1050515000
75 480.7792154859014 1063516000
76 480.7792154859014 1076553500
77 480.7792154859014 1090553100
78 480.7792154859014 1103552500
79 480.7792154859014 1116553300
80 480.7792154859014 1129554700
81 480.7792154859014 1142554000
82 480.7792154859014 1156553600
83 480.7792154859014 1169562500
84 480.7792154859014 1182553000
85 480.7792154859014 1195555600
86 480.7792154859014 1209553500
87 480.7792154859014 1222554100
88 480.7792154859014 1235553400
89 480.7792154859014 1248552300
90 480.7792154859014 1261558100
91 480.7792154859014 1275552300
92 480.7792154859014 1288552700
93 480.7792154859014 1301553500
94 480.7792154859014 1314552600
95 480.7792154859014 1328552400
96 480.7792154859014 1341553000
97 480.7792154859014 1354553000
98 451.3922119690533 1367554000
99 451.3922119690533 1382552500
100 451.3922119690533 1395555400
101 451.3922119690533 1412528900
102 451.3922119690533 1435527600
103 451.3922119690533 1448526200
104 451.3922119690533 1462529400
105 451.3922119690533 1475529100
106 451.3922119690533 1489529700
107 451.3922119690533 1503529800
108 451.3922119690533 1516529500
109 441.0433512999509 1529529400
110 441.0433512999509 1543529900
111 441.0433512999509 1556529700
112 441.0433512999509 1569529600
113 441.0433512999509 1583529900
114 441.0433512999509 1596529100
115 437.67715495129204 1611530900
116 437.67715495129204 1624529300
117 437.67715495129204 1638530000
118 437.67715495129204 1651529500
119 426.6263257494938 1665529800
120 426.6263257494938 1683527200
121 426.6263257494938 1696552600
122 426.6263257494938 1709555300
123 426.6263257494938 1723552600
124 426.6263257494938 1736529100
125 426.6263257494938 1750554400
126 426.6263257494938 1763552900
127 426.6263257494938 1776554200
128 426.6263257494938 1790553100
129 426.6263257494938 1803529200
130 426.6263257494938 1817529800
131 426.6263257494938 1831529800
132 426.6263257494938 1844604200
133 426.6263257494938 1860568900
134 426.6263257494938 1876571800
135 426.6263257494938 1890572800
136 426.6263257494938 1903572100
137 426.6263257494938 1916571900
138 426.6263257494938 1930572700
139 426.6263257494938 1943572100
140 426.6263257494938 1956571700
141 426.6263257494938 1970572800
142 426.6263257494938 1983571900
143 426.6263257494938 1997572800
144 426.6263257494938 2011572300
145 426.6263257494938 2024571800
146 426.6263257494938 2037572200
147 426.6263257494938 2051572500
148 426.6263257494938 2065572500
149 426.6263257494938 2078572400
150 426.6263257494938 2091569300
151 426.6263257494938 2107569800
152 426.6263257494938 2121568700
153 426.6263257494938 2134601500
154 426.6263257494938 2148595800
155 426.6263257494938 2161595800
156 426.6263257494938 2174598200
157 426.6263257494938 2187573000
158 426.6263257494938 2201572400
159 426.6263257494938 2214568700
160 426.6263257494938 2228568900
161 426.6263257494938 2241568600
162 426.6263257494938 2254568800
163 426.6263257494938 2268604100
164 426.6263257494938 2281604300
165 426.6263257494938 2294610900
166 426.6263257494938 2308572000
167 426.6263257494938 2321572300
168 426.6263257494938 2334571800
169 426.6263257494938 2348572300
170 426.6263257494938 2361572500
171 426.6263257494938 2374571800
172 426.6263257494938 2388572500
173 426.6263257494938 2403569200
174 426.6263257494938 2416568800
175 426.6263257494938 2430571800
176 426.6263257494938 2443568800
177 426.6263257494938 2457571300
178 426.6263257494938 2470568500
179 426.6263257494938 2484572000
180 426.6263257494938 2497571400
181 426.6263257494938 2510571500
182 426.6263257494938 2524572500
183 426.6263257494938 2537572400
184 426.6263257494938 2551572800
185 426.6263257494938 2564572100
186 426.6263257494938 2577568800
187 426.6263257494938 2591569100
188 426.6263257494938 2604571900
189 426.6263257494938 2618572300
190 426.6263257494938 2631572400
191 426.6263257494938 2644571800
192 426.6263257494938 2658572400
193 426.6263257494938 2671572400
194 426.6263257494938 2684571900
195 426.6263257494938 2697572100
196 426.6263257494938 2711572400
197 426.6263257494938 2724572300
198 426.6263257494938 2738572700
199 426.6263257494938 2751572200
200 426.6263257494938 2764571800
201 426.6263257494938 2784570300
202 426.6263257494938 2804585800
203 426.6263257494938 2823571500
204 426.6263257494938 2836572000
205 426.1248497693462 2849572000
206 426.1248497693462 2863571700
207 426.1248497693462 2876571900
208 426.1248497693462 2889572200
209 426.1248497693462 2903638200
210 426.1248497693462 2916623800
211 426.1248497693462 2929624600
212 426.1248497693462 2943623800
213 426.1248497693462 2956623700
214 426.1248497693462 2970623300
215 426.1248497693462 2984623400
216 426.1248497693462 2997624100
217 426.1248497693462 3012621600
218 426.1248497693462 3026621500
219 426.1248497693462 3039651500
220 426.1248497693462 3052650900
221 426.1248497693462 3066648200
222 426.1248497693462 3079648700
223 426.1248497693462 3092650200
224 426.1248497693462 3105649100
225 426.1248497693462 3119647500
226 426.1248497693462 3132651700
227 426.1248497693462 3145647100
228 426.1248497693462 3158647900
229 426.1248497693462 3171647100
230 426.1248497693462 3185647600
231 426.1248497693462 3198647200
232 420.40110504967186 3211786100
233 420.40110504967186 3224787000
234 420.40110504967186 3241785300
235 420.40110504967186 3254786800
236 420.40110504967186 3267785500
237 420.40110504967186 3280787900
238 420.40110504967186 3294786700
239 420.40110504967186 3307785600
240 420.40110504967186 3320787700
241 420.40110504967186 3333785300
242 420.40110504967186 3346785400
243 420.40110504967186 3359788200
244 420.40110504967186 3373758000
245 420.40110504967186 3386786700
246 420.40110504967186 3399787800
247 420.40110504967186 3412786100
248 420.40110504967186 3426786400
249 420.40110504967186 3439764500
250 420.40110504967186 3453793700
251 420.40110504967186 3467794800
252 420.40110504967186 3482761500
253 420.40110504967186 3497762300
254 420.40110504967186 3511761200
255 420.40110504967186 3524762100
256 419.3723875012355 3538761100
257 419.3723875012355 3551762100
258 419.3723875012355 3565762000
259 419.3723875012355 3578761900
260 419.3723875012355 3592762500
261 419.3723875012355 3606762900
262 419.3723875012355 3620762300
263 419.3723875012355 3633762700
264 419.3723875012355 3647759700
265 419.3723875012355 3660760400
266 419.3723875012355 3674759500
267 419.3723875012355 3687759700
268 419.3723875012355 3701759700
269 419.3723875012355 3716788100
270 419.3723875012355 3730760200
271 419.3723875012355 3745794000
272 419.3723875012355 3759764500
273 419.3723875012355 3773794200
274 419.3723875012355 3788760100
275 419.3723875012355 3802797900
276 419.3723875012355 3816791700
277 419.3723875012355 3832759200
278 419.3723875012355 3846762600
279 419.3723875012355 3861789800
280 419.3723875012355 3875794300
281 419.3723875012355 3890762800
282 419.3723875012355 3904758800
283 419.3723875012355 3920770700
284 419.3723875012355 3935800600
285 419.3723875012355 3954760600
286 419.3723875012355 3969765400
287 419.3723875012355 3988759700
288 419.3723875012355 4004764100
289 419.3723875012355 4018762300
290 419.3723875012355 4032786800
291 419.3723875012355 4046759900
292 419.3723875012355 4060759100
293 419.3723875012355 4074759100
294 419.3723875012355 4087759100
295 419.3723875012355 4101759200
296 419.3723875012355 4115759200
297 419.3723875012355 4129758700
298 419.3723875012355 4142758900
299 419.3723875012355 4156758800
300 419.3723875012355 4169759100
301 419.3723875012355 4185759800
302 419.3723875012355 4199759500
303 419.3723875012355 4212758800
304 419.3723875012355 4226759000
305 419.3723875012355 4239758900
306 419.3723875012355 4252758800
307 419.3723875012355 4266758700
308 419.3723875012355 4279759500
309 419.3723875012355 4293760300
310 419.3723875012355 4307759200
311 419.3723875012355 4321759300
312 419.3723875012355 4334759300
313 419.3723875012355 4348759400
314 419.3723875012355 4362759200
315 419.3723875012355 4375759400
316 419.3723875012355 4388758800
317 419.3723875012355 4402759200
318 419.3723875012355 4415758800
319 419.3723875012355 4428758900
320 419.3723875012355 4442759300
321 419.3723875012355 4455759200
322 419.3723875012355 4468758800
323 419.3723875012355 4482759300
324 419.3723875012355 4495758900
325 419.3723875012355 4508758900
326 419.3723875012355 4522759200
327 419.3723875012355 4535758800
328 419.3723875012355 4549759600
329 419.3723875012355 4562758900
330 419.3723875012355 4576759100
331 419.3723875012355 4589759000
332 419.3723875012355 4603761200
333 419.3723875012355 4616760600
334 419.3723875012355 4630761300
335 419.3723875012355 4643761100
336 419.3723875012355 4656761900
337 419.3723875012355 4670762100
338 419.3723875012355 4684762200
339 419.3723875012355 4697763000
340 419.3723875012355 4712759700
341 419.3723875012355 4726762600
342 419.3723875012355 4741763400
343 419.3723875012355 4754761900
344 419.3723875012355 4767762400
345 419.3723875012355 4781762600
346 419.3723875012355 4801759300
347 419.3723875012355 4814759000
348 419.3723875012355 4827759100
349 419.3723875012355 4841759300
350 419.3723875012355 4854758900
351 419.3723875012355 4872760200
352 419.3723875012355 4894760800
353 419.3723875012355 4910787200
354 419.3723875012355 4934793700
355 419.3723875012355 4947786500
356 419.3723875012355 4960785900
357 419.3723875012355 4973786500
358 419.3723875012355 4986785700
359 419.3723875012355 5000786200
360 419.3723875012355 5013785400
361 419.3723875012355 5027795000
362 419.3723875012355 5040785700
363 419.3723875012355 5062759000
364 419.3723875012355 5075759000
365 419.3723875012355 5089759300
366 419.3723875012355 5102758900
367 419.3723875012355 5115759200
368 419.3723875012355 5128758800
369 419.3723875012355 5141758900
370 419.3723875012355 5155758800
371 419.3723875012355 5168786200
372 419.3723875012355 5181785700
373 419.3723875012355 5195786300
374 419.3723875012355 5208787400
375 419.3723875012355 5222786800
376 419.3723875012355 5235762700
377 419.3723875012355 5248762000
378 419.3723875012355 5262762700
379 419.3723875012355 5285759200
380 419.3723875012355 5302792200
381 419.3723875012355 5316759000
382 419.3723875012355 5329759500
383 419.3723875012355 5342758900
384 419.3723875012355 5356758800
385 419.3723875012355 5369759200
386 419.3723875012355 5382760700
387 419.3723875012355 5396759300
388 419.3723875012355 5409758900
389 419.3723875012355 5422758900
390 419.3723875012355 5436759200
391 419.3723875012355 5449759000
392 419.3723875012355 5463760700
393 419.3723875012355 5477761100
394 419.3723875012355 5490760900
395 419.3723875012355 5503762600
396 419.3723875012355 5517763100
397 419.3723875012355 5530762300
398 419.3723875012355 5543761900
399 419.3723875012355 5557762600
400 419.3723875012355 5570762000
401 419.3723875012355 5586786300
402 419.3723875012355 5601762900
403 419.3723875012355 5614762000
404 419.3723875012355 5628762700
405 419.3723875012355 5641762000
406 419.3723875012355 5654762100
407 419.3723875012355 5668759100
408 419.3723875012355 5682759300
409 419.3723875012355 5695759000
410 419.3723875012355 5711759600
411 419.3723875012355 5724758800
412 419.3723875012355 5738758900
413 419.3723875012355 5751758700
414 419.3723875012355 5766759300
415 419.3723875012353 5779759300
416 419.3723875012353 5792758800
417 419.3723875012353 5806759300
418 419.3723875012353 5819758900
419 419.3723875012353 5832758900
420 419.3723875012353 5846759300
421 419.3723875012353 5859758900
422 419.3723875012353 5872758900
423 419.3723875012353 5886759200
424 419.3723875012353 5899761800
425 419.3723875012353 5912761800
426 419.3723875012353 5926762100
427 419.3723875012353 5939761700
428 419.3723875012353 5953762800
429 419.3723875012353 5966762300
430 419.3723875012353 5979762400
431 419.3723875012353 5993762800
432 419.3723875012353 6006762000
433 419.3723875012353 6019762400
434 419.3723875012353 6033762700
435 419.3723875012353 6046759000
436 419.3723875012353 6060759300
437 419.3723875012353 6073759000
438 419.3723875012353 6087759200
439 419.3723875012353 6100759200
440 419.3723875012353 6113758800
441 419.3723875012353 6127762200
442 419.3723875012353 6140761700
443 419.3723875012353 6154762900
444 419.3723875012353 6167762300
445 419.3723875012353 6180762000
446 419.3723875012353 6194762700
447 419.3723875012353 6207762200
448 419.3723875012353 6220761900
449 419.3723875012353 6242759900
450 419.3723875012353 6255762100
451 419.3723875012353 6271762500
452 419.3723875012353 6285762800
453 419.2809128860912 6298762300
454 419.2809128860912 6312762600
455 419.2809128860912 6325762400
456 419.2809128860912 6338762100
457 419.2809128860912 6352762600
458 419.2809128860912 6365762400
459 419.2809128860912 6378762300
460 419.2809128860912 6392762500
461 419.2809128860912 6405762200
462 419.2809128860912 6419763000
463 419.2809128860912 6432762300
464 419.2809128860912 6445762000
465 419.2809128860912 6459759300
466 419.2809128860912 6472759000
467 419.2809128860912 6486759300
468 419.2809128860912 6502762200
469 419.2809128860912 6516761600
470 419.2809128860912 6529761900
471 419.2809128860912 6542761800
472 419.2809128860912 6555762000
473 419.2809128860912 6569762400
474 419.2809128860912 6582761900
475 419.2809128860912 6595761900
476 419.2809128860912 6609762700
477 419.2809128860912 6622762000
478 419.2809128860912 6636762000
479 419.2809128860912 6649762400
480 419.2809128860912 6662762100
481 419.2809128860912 6676759100
482 419.2809128860912 6689759000
483 419.2809128860912 6703759500
484 419.2809128860912 6716759000
485 419.2809128860912 6730762100
486 419.2809128860912 6747758900
487 419.2809128860912 6760758800
488 419.2809128860912 6774759000
489 419.2809128860912 6787758800
490 419.2809128860912 6801758900
491 419.2809128860912 6815759200
492 419.2809128860912 6828759000
493 419.2809128860912 6841758700
494 419.2809128860912 6855758900
495 419.2809128860912 6869759200
496 419.2809128860912 6882759300
497 419.2809128860912 6895758900
498 419.2809128860912 6909759100
499 419.2809128860912 6922758800
Best cost: 419.2809128860912
Path taken: 0 11 1 17 14 19 13 28 10 18 12 26 21 4 27 2 24 20 29 25 16 5 8 31 3 6 7 15 23 9 22 30