Problem size: small
0 369.2070668482881 12000100
1 369.2070668482881 13965900
2 369.2070668482881 14966000
3 369.2070668482881 16966600
4 369.2070668482881 18966800
5 369.2070668482881 19967100
6 369.2070668482881 21967000
7 355.75502657638367 23966400
8 355.75502657638367 24967600
9 355.75502657638367 26966500
10 355.75502657638367 28969600
11 355.75502657638367 30966900
12 341.40387522118783 31967400
13 341.40387522118783 33966200
14 341.40387522118783 34966700
15 330.6207521672172 36965500
16 330.6207521672172 38965600
17 330.6207521672172 39965800
18 330.6207521672172 41965600
19 330.6207521672172 42965500
20 330.6207521672172 44965700
21 330.6207521672172 45965800
22 330.6207521672172 47965600
23 311.25605589178053 48965700
24 311.25605589178053 50965500
25 311.25605589178053 52965600
26 311.25605589178053 53965600
27 311.25605589178053 55965500
28 311.25605589178053 56966000
29 311.25605589178053 58965500
30 311.25605589178053 59965700
31 311.25605589178053 61966300
32 311.25605589178053 63966500
33 311.25605589178053 64966700
34 311.25605589178053 66966200
35 305.5224863802795 67966700
36 305.5224863802795 69966300
37 305.5224863802795 70966600
38 305.5224863802795 72966100
39 305.5224863802795 74975400
40 305.5224863802795 75966500
41 305.5224863802795 77965500
42 305.5224863802795 78965500
43 305.5224863802795 80966300
44 305.5224863802795 81965800
45 305.5224863802795 83966400
46 305.5224863802795 84965800
47 305.5224863802795 86965500
48 305.5224863802795 88965700
49 305.5224863802795 89966500
50 305.5224863802795 91966200
51 305.5224863802795 92966700
52 305.5224863802795 94965400
53 305.5224863802795 96967500
54 305.5224863802795 98965700
55 305.5224863802795 101967700
56 297.66516394466896 102966700
57 297.66516394466896 104967100
58 297.66516394466896 106968500
59 297.66516394466896 112966100
60 297.66516394466896 118966900
61 297.66516394466896 125966800
62 297.66516394466896 129965800
63 297.66516394466896 131966900
64 297.66516394466896 133966600
65 297.66516394466896 134967000
66 297.66516394466896 137966100
67 297.66516394466896 139966200
68 297.66516394466896 140966200
69 297.66516394466896 142966500
70 279.3040695547008 144965700
71 279.3040695547008 145965600
72 279.3040695547008 147965600
73 279.3040695547008 148965600
74 279.3040695547008 150965500
75 279.3040695547008 151966500
76 279.3040695547008 153966200
77 279.3040695547008 154966600
78 279.3040695547008 156967800
79 279.3040695547008 157967600
80 279.3040695547008 159967800
81 279.3040695547008 160967600
82 279.3040695547008 162967500
83 279.3040695547008 164967400
84 279.3040695547008 165967400
85 279.3040695547008 167967400
86 279.3040695547008 168967400
87 279.3040695547008 170967100
88 279.3040695547008 171966900
89 279.3040695547008 173966700
90 279.3040695547008 174966800
91 279.3040695547008 176966800
92 279.3040695547008 177967500
93 279.3040695547008 179966700
94 279.3040695547008 180967600
95 279.3040695547008 182966900
96 279.3040695547008 183967900
97 279.3040695547008 185966700
98 279.3040695547008 186967800
99 279.3040695547008 188967500
100 279.3040695547008 190967400
101 279.3040695547008 191967800
102 279.3040695547008 193966200
103 279.3040695547008 194967200
104 279.3040695547008 196966400
105 279.3040695547008 198966300
106 279.3040695547008 200966800
107 279.3040695547008 202966700
108 279.3040695547008 204967200
109 279.3040695547008 205967100
110 279.3040695547008 208967500
111 279.3040695547008 209966700
112 279.3040695547008 211966700
113 279.3040695547008 212966800
114 279.3040695547008 214966600
115 279.3040695547008 216966300
116 279.3040695547008 217967700
117 279.3040695547008 219966500
118 279.3040695547008 220966600
119 279.3040695547008 222966400
120 279.3040695547008 223966400
121 279.3040695547008 225966200
122 279.3040695547008 226966500
123 279.3040695547008 228966200
124 279.3040695547008 229966400
125 279.3040695547008 231966100
126 279.3040695547008 233966800
127 279.3040695547008 234966800
128 279.3040695547008 236966700
129 279.3040695547008 237965700
130 279.3040695547008 239966600
131 279.3040695547008 240965600
132 279.3040695547008 242966700
133 279.3040695547008 243966000
134 279.3040695547008 245966600
135 279.3040695547008 246965800
136 279.3040695547008 248967700
137 279.3040695547008 250967500
138 279.3040695547008 252967300
139 279.3040695547008 253967500
140 279.3040695547008 255967300
141 279.3040695547008 257967200
142 279.3040695547008 258967500
143 279.3040695547008 260967300
144 279.3040695547008 262967200
145 279.3040695547008 263967600
146 279.3040695547008 265967300
147 279.3040695547008 266967400
148 279.3040695547008 268967100
149 279.3040695547008 270967400
150 279.3040695547008 272966700
151 279.3040695547008 273967000
152 279.3040695547008 275967000
153 279.3040695547008 277968900
154 279.3040695547008 279966900
155 279.30406955470073 282969400
156 279.30406955470073 283968000
157 279.30406955470073 285966900
158 279.30406955470073 287970900
159 279.30406955470073 289967200
160 279.30406955470073 291966200
161 279.30406955470073 292966700
162 279.30406955470073 294969900
163 279.30406955470073 295969100
164 279.30406955470073 297966500
165 279.30406955470073 298966800
166 279.30406955470073 300966400
167 279.30406955470073 301966500
168 279.30406955470073 303966200
169 279.30406955470073 304966600
170 279.30406955470073 306966300
171 279.30406955470073 307966600
172 279.30406955470073 309966300
173 279.30406955470073 311967100
174 279.30406955470073 312966600
175 279.30406955470073 314966300
176 279.30406955470073 315966700
177 279.30406955470073 317966500
178 279.30406955470073 318966600
179 279.30406955470073 320966500
180 279.30406955470073 321966500
181 279.30406955470073 323966600
182 279.30406955470073 324966700
183 279.30406955470073 326966800
184 279.30406955470073 327966800
185 279.30406955470073 329966100
186 279.30406955470073 330966500
187 279.30406955470073 332966200
188 279.30406955470073 333966600
189 279.30406955470073 335966200
190 279.30406955470073 336966400
191 279.30406955470073 338966300
192 279.30406955470073 339966600
193 279.30406955470073 341966300
194 279.30406955470073 343966300
195 279.30406955470073 344966400
196 279.30406955470073 346966100
197 279.30406955470073 347966400
198 279.30406955470073 349966200
199 279.30406955470073 350966200
200 279.30406955470073 352966000
201 279.30406955470073 353968100
202 279.30406955470073 355966300
203 279.30406955470073 356967100
204 279.30406955470073 359966900
205 279.30406955470073 361967600
206 279.30406955470073 363967200
207 279.30406955470073 365966100
208 279.30406955470073 370966400
209 279.30406955470073 377967500
210 279.30406955470073 386966600
211 279.30406955470073 389966900
212 279.30406955470073 391967300
213 279.30406955470073 393966300
214 279.30406955470073 394966100
215 279.30406955470073 396966400
216 279.30406955470073 398966600
217 279.30406955470073 400966500
218 279.30406955470073 402966400
219 279.30406955470073 404966100
220 279.30406955470073 405965700
221 279.30406955470073 407965600
222 279.30406955470073 408965500
223 279.30406955470073 410965500
224 279.30406955470073 411965500
225 279.30406955470073 413965600
226 279.30406955470073 414965500
227 279.30406955470073 416965600
228 279.30406955470073 418965500
229 279.30406955470073 419965500
230 279.30406955470073 421967500
231 279.30406955470073 423967400
232 279.30406955470073 424967500
233 279.30406955470073 426967400
234 279.30406955470073 428966600
235 279.30406955470073 429967300
236 279.30406955470073 431967800
237 279.30406955470073 432967400
238 279.30406955470073 434967400
239 279.30406955470073 435967500
240 279.30406955470073 437965700
241 279.30406955470073 439965600
242 279.30406955470073 440965600
243 279.30406955470073 442965600
244 279.30406955470073 444965600
245 279.30406955470073 445965600
246 279.30406955470073 447965600
247 279.30406955470073 449965500
248 279.30406955470073 450965500
249 279.30406955470073 452966700
250 279.30406955470073 454965400
251 279.30406955470073 455966400
252 279.30406955470073 457966800
253 279.30406955470073 459967300
254 279.30406955470073 460966700
255 279.30406955470073 462966600
256 279.30406955470073 464967000
257 279.30406955470073 466967000
258 279.30406955470073 467966500
259 279.30406955470073 469965600
260 279.30406955470073 471966000
261 279.30406955470073 473969900
262 279.30406955470073 475967100
263 279.30406955470073 477966200
264 279.30406955470073 478966400
265 279.30406955470073 480966300
266 279.30406955470073 482966200
267 279.30406955470073 483966400
268 279.30406955470073 485968000
269 279.30406955470073 487965600
270 279.30406955470073 488965400
271 279.30406955470073 490965400
272 279.30406955470073 492965600
273 279.30406955470073 493965500
274 279.30406955470073 495966000
275 279.30406955470073 496966400
276 279.30406955470073 498966700
277 279.30406955470073 500966900
278 279.30406955470073 501967700
279 279.30406955470073 503966800
280 279.30406955470073 505967100
281 279.30406955470073 506967400
282 279.30406955470073 508966500
283 279.30406955470073 509967500
284 279.30406955470073 511966800
285 279.30406955470073 513966600
286 279.30406955470073 514965700
287 279.30406955470073 516966600
288 279.30406955470073 518966200
289 279.30406955470073 519966500
290 279.30406955470073 521966300
291 279.30406955470073 523966200
292 279.30406955470073 524966400
293 279.30406955470073 526966600
294 279.30406955470073 527966400
295 279.30406955470073 529966300
296 279.30406955470073 531966200
297 279.30406955470073 532965800
298 279.30406955470073 534966800
299 279.30406955470073 536966600
300 279.30406955470073 537965600
301 279.30406955470073 539966000
302 279.30406955470073 541965600
303 279.30406955470073 542966000
304 279.30406955470073 545969700
305 279.30406955470073 546968600
306 279.30406955470073 549967200
307 279.30406955470073 551968300
308 279.30406955470073 553966400
309 279.30406955470073 555969900
310 279.30406955470073 556965900
311 279.30406955470073 558965400
312 279.30406955470073 560966100
313 279.30406955470073 561966300
314 279.30406955470073 563967400
315 279.30406955470073 564967900
316 279.30406955470073 566966600
317 279.30406955470073 568966500
318 279.30406955470073 569966600
319 279.30406955470073 571966400
320 279.30406955470073 573966500
321 279.30406955470073 574966500
322 279.30406955470073 576966400
323 279.30406955470073 578966500
324 279.30406955470073 579966500
325 279.30406955470073 581966700
326 279.30406955470073 582969000
327 279.30406955470073 584967700
328 279.30406955470073 585967800
329 279.30406955470073 587967500
330 279.30406955470073 588967600
331 279.30406955470073 590966100
332 279.30406955470073 592966700
333 279.30406955470073 593966600
334 279.30406955470073 595966500
335 279.30406955470073 597966400
336 279.30406955470073 598969000
337 279.30406955470073 600968000
338 279.30406955470073 602967800
339 279.30406955470073 603967100
340 279.30406955470073 605966400
341 279.30406955470073 607966700
342 279.30406955470073 608966700
343 279.30406955470073 610966400
344 279.30406955470073 612968400
345 279.30406955470073 613967600
346 279.30406955470073 615967600
347 279.30406955470073 616966700
348 279.30406955470073 618966300
349 279.30406955470073 620966300
350 279.30406955470073 621966500
351 279.30406955470073 623968100
352 279.30406955470073 624968000
353 279.30406955470073 626968400
354 279.30406955470073 628967500
355 279.30406955470073 630966400
356 279.30406955470073 632967300
357 279.30406955470073 634966600
358 279.30406955470073 636967100
359 279.30406955470073 638967800
360 279.30406955470073 640966900
361 279.30406955470073 642966200
362 279.30406955470073 643966600
363 279.30406955470073 645966500
364 279.30406955470073 647966500
365 279.30406955470073 648966500
366 279.30406955470073 650966500
367 279.30406955470073 652966400
368 279.30406955470073 653966600
369 279.30406955470073 655966400
370 279.30406955470073 656966400
371 279.30406955470073 658965800
372 279.30406955470073 660968500
373 279.30406955470073 661967000
374 279.30406955470073 663966500
375 279.30406955470073 665966400
376 279.30406955470073 666966400
377 279.30406955470073 668966300
378 279.30406955470073 670966300
379 279.30406955470073 671966400
380 279.30406955470073 673966200
381 279.30406955470073 675966100
382 279.30406955470073 676966500
383 279.30406955470073 678966400
384 279.30406955470073 679966400
385 279.30406955470073 681966300
386 279.30406955470073 682966400
387 279.30406955470073 684966500
388 279.30406955470073 685966400
389 279.30406955470073 687966500
390 279.30406955470073 688966600
391 279.30406955470073 690966500
392 279.30406955470073 691965800
393 279.30406955470073 693966700
394 279.30406955470073 694965600
395 279.30406955470073 696965600
396 279.30406955470073 697965700
397 279.30406955470073 699965600
398 279.30406955470073 700965600
399 279.30406955470073 702965600
400 279.30406955470073 704966000
401 279.30406955470073 705965600
402 279.30406955470073 707968300
403 279.30406955470073 709968200
404 279.30406955470073 711966300
405 279.30406955470073 712966100
406 279.30406955470073 715967400
407 279.30406955470073 718967900
408 279.30406955470073 719967400
409 279.30406955470073 721966400
410 279.30406955470073 723966000
411 279.30406955470073 724967000
412 279.30406955470073 726966200
413 279.30406955470073 727966700
414 279.30406955470073 729966700
415 279.30406955470073 730966900
416 279.30406955470073 732966600
417 279.30406955470073 733966300
418 279.30406955470073 735966500
419 279.30406955470073 736966600
420 279.30406955470073 738966600
421 279.30406955470073 739966800
422 279.30406955470073 741966300
423 279.30406955470073 742966600
424 279.30406955470073 744966500
425 279.30406955470073 745966600
426 279.30406955470073 747966400
427 279.30406955470073 748966600
428 279.30406955470073 750966300
429 279.30406955470073 751966700
430 279.30406955470073 753966300
431 279.30406955470073 755966500
432 279.30406955470073 756966400
433 279.30406955470073 758966400
434 279.30406955470073 760966300
435 279.30406955470073 761966400
436 279.30406955470073 763966300
437 279.30406955470073 765966400
438 279.30406955470073 766968300
439 279.30406955470073 768967400
440 279.30406955470073 769966600
441 279.30406955470073 771965800
442 279.30406955470073 772965700
443 279.30406955470073 774965600
444 279.30406955470073 776966600
445 279.30406955470073 777965800
446 279.30406955470073 779966600
447 279.30406955470073 780965600
448 279.30406955470073 782966600
449 279.30406955470073 783965700
450 279.30406955470073 785965200
451 279.30406955470073 787967800
452 279.30406955470073 788967400
453 279.30406955470073 790968300
454 279.30406955470073 792968600
455 279.30406955470073 797967600
456 279.30406955470073 803967100
457 279.30406955470073 809967500
458 279.30406955470073 817966300
459 279.30406955470073 819969300
460 279.30406955470073 821967000
461 279.30406955470073 822966700
462 279.30406955470073 824968600
463 279.30406955470073 826967300
464 279.30406955470073 828967700
465 279.30406955470073 831967700
466 279.30406955470073 833967200
467 279.30406955470073 836967400
468 279.30406955470073 838968200
469 279.30406955470073 840968100
470 279.30406955470073 841968000
471 279.30406955470073 843966800
472 279.30406955470073 845966700
473 279.30406955470073 846967600
474 279.30406955470073 848968200
475 279.30406955470073 849967800
476 279.30406955470073 851966900
477 279.30406955470073 853967000
478 279.30406955470073 854967500
479 279.30406955470073 856966400
480 279.30406955470073 857968100
481 279.30406955470073 859967500
482 279.30406955470073 861967100
483 279.30406955470073 862967600
484 279.30406955470073 864966900
485 279.30406955470073 866966700
486 279.30406955470073 867967600
487 279.30406955470073 869968200
488 279.30406955470073 871968200
489 279.30406955470073 872968900
490 279.30406955470073 874967900
491 279.30406955470073 876967900
492 279.30406955470073 877966300
493 279.30406955470073 879965100
494 279.30406955470073 881966300
495 279.30406955470073 882966400
496 279.30406955470073 884966000
497 279.30406955470073 886966000
498 279.30406955470073 887969500
499 279.30406955470073 889967900
Best cost: 279.30406955470073
Path taken: 2 0 11 6 3 14 1 5 9 10 15 8 13 7 12 4