Problem size: small
0 377.7062055786617 7362700
1 364.5636547626739 12362600
2 364.5636547626739 19366400
3 364.5636547626739 25362600
4 364.5636547626739 31883600
5 364.5636547626739 37881800
6 364.5636547626739 44884100
7 364.5636547626739 52881400
8 364.5636547626739 58881000
9 364.5636547626739 63880200
10 364.5636547626739 68880200
11 364.5636547626739 73880200
12 364.5636547626739 78880200
13 364.5636547626739 83880300
14 364.5636547626739 88880100
15 364.5636547626739 94880200
16 364.5636547626739 99881400
17 364.5636547626739 104913000
18 364.5636547626739 109912200
19 364.5636547626739 114911700
20 343.63028690183944 119911900
21 343.63028690183944 124911300
22 343.63028690183944 129910800
23 343.63028690183944 134912800
24 343.63028690183944 139915900
25 343.63028690183944 144912500
26 343.63028690183944 150912800
27 343.63028690183944 155911200
28 343.63028690183944 160912600
29 343.63028690183944 165911800
30 343.63028690183944 170913800
31 337.631087135608 175911400
32 337.631087135608 180912500
33 337.631087135608 185911600
34 337.631087135608 190912800
35 337.631087135608 195915000
36 337.631087135608 200913400
37 305.64202877371395 205913000
38 305.64202877371395 210912100
39 305.64202877371395 215912500
40 305.64202877371395 220917200
41 305.64202877371395 225911700
42 305.64202877371395 231906200
43 305.64202877371395 236911600
44 305.64202877371395 241909100
45 305.64202877371395 246913100
46 305.64202877371395 251911100
47 305.64202877371395 256882000
48 305.64202877371395 261880700
49 305.64202877371395 266880600
50 305.64202877371395 271880400
51 305.64202877371395 277880800
52 305.64202877371395 282881800
53 305.64202877371395 289881200
54 305.64202877371395 294914100
55 305.64202877371395 300919100
56 305.64202877371395 305910500
57 305.64202877371395 310912100
58 305.64202877371395 315912700
59 305.64202877371395 320883100
60 305.64202877371395 325912400
61 305.64202877371395 330911000
62 279.3040695547008 335915700
63 279.3040695547008 340912000
64 279.3040695547008 345911800
65 279.3040695547008 350911500
66 279.3040695547008 355915600
67 279.3040695547008 360911800
68 279.3040695547008 365915000
69 279.3040695547008 370911800
70 279.3040695547008 375914700
71 279.3040695547008 380913200
72 279.3040695547008 385910500
73 279.3040695547008 390913400
74 279.3040695547008 394915600
75 279.3040695547008 399915900
76 279.3040695547008 404912000
77 279.30406955470073 409913100
78 279.30406955470073 414884600
79 279.30406955470073 419883600
80 279.30406955470073 424883400
81 279.30406955470073 429883500
82 279.30406955470073 434883400
83 279.30406955470073 439883700
84 279.30406955470073 444883400
85 279.30406955470073 449883500
86 279.30406955470073 454883500
87 279.30406955470073 459883600
88 279.30406955470073 465883300
89 279.30406955470073 470883400
90 279.30406955470073 475883600
91 279.30406955470073 480883500
92 279.30406955470073 485883800
93 279.30406955470073 490883900
94 279.30406955470073 495880600
95 279.30406955470073 500880400
96 279.30406955470073 505880300
97 279.30406955470073 510880500
98 279.30406955470073 515880300
99 279.30406955470073 520880300
100 279.30406955470073 525884300
101 279.30406955470073 530883800
102 279.30406955470073 538884100
103 279.30406955470073 548882100
104 279.30406955470073 554882600
105 279.30406955470073 560907000
106 279.30406955470073 567881300
107 279.30406955470073 574888100
108 279.30406955470073 580914300
109 279.30406955470073 585911400
110 279.30406955470073 590907600
111 279.30406955470073 596912200
112 279.30406955470073 601881700
113 279.30406955470073 606914100
114 279.30406955470073 611913400
115 279.30406955470073 617911300
116 279.30406955470073 622882900
117 279.30406955470073 627883500
118 279.30406955470073 632883400
119 279.30406955470073 637883500
120 279.30406955470073 642883700
121 279.30406955470073 647883300
122 279.30406955470073 652884000
123 279.30406955470073 657883400
124 279.30406955470073 662883300
125 279.30406955470073 667883200
126 279.30406955470073 673880300
127 279.30406955470073 678880300
128 279.30406955470073 683880300
129 279.30406955470073 688880400
130 279.30406955470073 693880300
131 279.30406955470073 698880300
132 279.30406955470073 703880300
133 279.30406955470073 708880400
134 279.30406955470073 713880300
135 279.30406955470073 718880300
136 279.30406955470073 723880100
137 279.30406955470073 728880200
138 279.30406955470073 733880200
139 279.30406955470073 738880300
140 279.30406955470073 743880100
141 279.30406955470073 748883700
142 279.30406955470073 753883000
143 279.30406955470073 758882900
144 279.30406955470073 763883500
145 279.30406955470073 768883100
146 279.30406955470073 773882900
147 279.30406955470073 778883000
148 279.30406955470073 783882900
149 279.30406955470073 788882900
150 279.30406955470073 793882900
151 279.30406955470073 799882300
152 279.30406955470073 806895800
153 279.30406955470073 811883300
154 279.30406955470073 817885600
155 279.30406955470073 822883300
156 279.30406955470073 828884600
157 279.30406955470073 833883400
158 279.30406955470073 838884000
159 279.30406955470073 843883300
160 279.30406955470073 848883200
161 279.30406955470073 853890600
162 279.30406955470073 858884100
163 279.30406955470073 863883300
164 279.30406955470073 868883300
165 279.30406955470073 873883300
166 279.30406955470073 878883300
167 279.30406955470073 883883200
168 279.30406955470073 888883400
169 279.30406955470073 893883500
170 279.30406955470073 898883400
171 279.30406955470073 903883300
172 279.30406955470073 908883200
173 279.30406955470073 913883400
174 279.30406955470073 918883600
175 279.30406955470073 923883400
176 279.30406955470073 928883300
177 279.30406955470073 933883500
178 279.30406955470073 938880400
179 279.30406955470073 943880300
180 279.30406955470073 948880300
181 279.30406955470073 953883300
182 279.30406955470073 958883100
183 279.30406955470073 963883300
184 279.30406955470073 968883300
185 279.30406955470073 973883300
186 279.30406955470073 978883700
187 279.30406955470073 983883300
188 279.30406955470073 988883300
189 279.30406955470073 993883100
190 279.30406955470073 998883300
191 279.30406955470073 1003883400
192 279.30406955470073 1008883500
193 279.30406955470073 1013883600
194 279.30406955470073 1018883400
195 279.30406955470073 1023883300
196 279.30406955470073 1028880800
197 279.30406955470073 1033880400
198 279.30406955470073 1038880500
199 279.30406955470073 1044880600
200 279.30406955470073 1049880400
201 279.30406955470073 1054880700
202 279.30406955470073 1060883500
203 279.30406955470073 1065880300
204 279.30406955470073 1070880300
205 279.30406955470073 1078885700
206 279.30406955470073 1084885200
207 279.30406955470073 1091910900
208 279.30406955470073 1102881500
209 279.30406955470073 1110881200
210 279.30406955470073 1115880800
211 279.30406955470073 1121881500
212 279.30406955470073 1127880800
213 279.30406955470073 1133881500
214 279.30406955470073 1138906300
215 279.30406955470073 1145883500
216 279.30406955470073 1151881800
217 279.30406955470073 1157881000
218 279.30406955470073 1162881500
219 279.30406955470073 1167880200
220 279.30406955470073 1173880900
221 279.30406955470073 1178883700
222 279.30406955470073 1183880800
223 279.30406955470073 1189881200
224 279.30406955470073 1194882300
225 279.30406955470073 1200882800
226 279.30406955470073 1205885000
227 279.30406955470073 1210881100
228 279.30406955470073 1216908400
229 279.30406955470073 1221881200
230 279.30406955470073 1226880400
231 279.30406955470073 1232885600
232 279.30406955470073 1237914000
233 279.30406955470073 1242881100
234 279.30406955470073 1248881200
235 279.30406955470073 1253884300
236 279.30406955470073 1259882100
237 279.30406955470073 1264882500
238 279.30406955470073 1270917600
239 279.30406955470073 1276881000
240 279.30406955470073 1282880500
241 279.30406955470073 1287880400
242 279.30406955470073 1292881200
243 279.30406955470073 1298880300
244 279.30406955470073 1304880700
245 279.30406955470073 1310882000
246 279.30406955470073 1317882500
247 279.30406955470073 1323884600
248 279.30406955470073 1329882100
249 279.30406955470073 1335880700
250 279.30406955470073 1340880500
251 279.30406955470073 1347887900
252 279.30406955470073 1353881600
253 279.30406955470073 1359917300
254 279.30406955470073 1368882100
255 279.30406955470073 1378882900
256 279.30406955470073 1387884800
257 279.30406955470073 1394884200
258 279.30406955470073 1400903800
259 279.30406955470073 1405912300
260 279.30406955470073 1410911100
261 279.30406955470073 1415912400
262 279.30406955470073 1420905900
263 279.30406955470073 1425911600
264 279.30406955470073 1430913300
265 279.30406955470073 1435911700
266 279.30406955470073 1440913400
267 279.30406955470073 1445911800
268 279.30406955470073 1450914900
269 279.30406955470073 1458889700
270 279.30406955470073 1464909500
271 279.30406955470073 1469915700
272 279.30406955470073 1474915200
273 279.30406955470073 1478913700
274 279.30406955470073 1483911500
275 279.30406955470073 1488912700
276 279.30406955470073 1493914800
277 279.30406955470073 1498915000
278 279.30406955470073 1503916700
279 279.30406955470073 1508912500
280 279.30406955470073 1513912000
281 279.30406955470073 1518912500
282 279.30406955470073 1523915200
283 279.30406955470073 1528909100
284 279.30406955470073 1533924800
285 279.30406955470073 1538914900
286 279.30406955470073 1543912700
287 279.30406955470073 1548911400
288 279.30406955470073 1553910000
289 279.30406955470073 1558913800
290 279.30406955470073 1563911800
291 279.30406955470073 1568912300
292 279.30406955470073 1573928600
293 279.30406955470073 1578915900
294 279.30406955470073 1583913200
295 279.30406955470073 1588914800
296 279.30406955470073 1593913100
297 279.30406955470073 1598915800
298 279.30406955470073 1603911900
299 279.30406955470073 1608914400
300 279.30406955470073 1612911900
301 279.30406955470073 1618881800
302 279.30406955470073 1624883300
303 279.30406955470073 1630882200
304 279.30406955470073 1635919900
305 279.30406955470073 1641884100
306 279.30406955470073 1648124500
307 279.30406955470073 1653193300
308 279.30406955470073 1658199500
309 279.30406955470073 1663194700
310 279.30406955470073 1668195600
311 279.30406955470073 1673192600
312 279.30406955470073 1678194200
313 279.30406955470073 1683190000
314 279.30406955470073 1688194800
315 279.30406955470073 1693192600
316 279.30406955470073 1698165500
317 279.30406955470073 1703192900
318 279.30406955470073 1708163600
319 279.30406955470073 1713196900
320 279.30406955470073 1718162400
321 279.30406955470073 1724193000
322 279.30406955470073 1729191700
323 279.30406955470073 1734165500
324 279.30406955470073 1739193400
325 279.30406955470073 1743195000
326 279.30406955470073 1748196200
327 279.30406955470073 1753192700
328 279.30406955470073 1758192500
329 279.30406955470073 1763192200
330 279.30406955470073 1768194000
331 279.30406955470073 1773197200
332 279.30406955470073 1778192400
333 279.30406955470073 1783194600
334 279.30406955470073 1788194700
335 279.30406955470073 1793197100
336 279.30406955470073 1798194500
337 279.30406955470073 1803197500
338 279.30406955470073 1808192400
339 279.30406955470073 1813196600
340 279.30406955470073 1818194700
341 279.30406955470073 1823195500
342 279.30406955470073 1828193100
343 279.30406955470073 1833192700
344 279.30406955470073 1837192800
345 279.30406955470073 1842192400
346 279.30406955470073 1847192800
347 279.30406955470073 1852204400
348 279.30406955470073 1857196800
349 279.30406955470073 1862193800
350 279.30406955470073 1867192500
351 279.30406955470073 1873165900
352 279.30406955470073 1878188700
353 279.30406955470073 1884188500
354 279.30406955470073 1890164800
355 279.30406955470073 1895165500
356 279.30406955470073 1901164400
357 279.30406955470073 1906164400
358 279.30406955470073 1911164000
359 279.30406955470073 1916164200
360 279.30406955470073 1921165000
361 279.30406955470073 1927165000
362 279.30406955470073 1932164200
363 279.30406955470073 1937164700
364 279.30406955470073 1942164100
365 279.30406955470073 1947164100
366 279.30406955470073 1952164100
367 279.30406955470073 1957164000
368 279.30406955470073 1962164100
369 279.30406955470073 1967164200
370 279.30406955470073 1972164100
371 279.30406955470073 1977163900
372 279.30406955470073 1982163900
373 279.30406955470073 1987164000
374 279.30406955470073 1992164100
375 279.30406955470073 1997164100
376 279.30406955470073 2002164200
377 279.30406955470073 2007164100
378 279.30406955470073 2012164000
379 279.30406955470073 2017164500
380 279.30406955470073 2022164100
381 279.30406955470073 2027164100
382 279.30406955470073 2032164000
383 279.30406955470073 2037164000
384 279.30406955470073 2042164100
385 279.30406955470073 2047164200
386 279.30406955470073 2052161100
387 279.30406955470073 2057161100
388 279.30406955470073 2062161100
389 279.30406955470073 2067161100
390 279.30406955470073 2072161000
391 279.30406955470073 2077161000
392 279.30406955470073 2082161000
393 279.30406955470073 2087161000
394 279.30406955470073 2092161100
395 279.30406955470073 2097161200
396 279.30406955470073 2102161000
397 279.30406955470073 2107161000
398 279.30406955470073 2113161200
399 279.30406955470073 2117160900
400 279.30406955470073 2122160900
401 279.30406955470073 2128161300
402 279.30406955470073 2134166000
403 279.30406955470073 2140165800
404 279.30406955470073 2145164100
405 279.30406955470073 2150175900
406 279.30406955470073 2156163800
407 279.30406955470073 2161163800
408 279.30406955470073 2166163800
409 279.30406955470073 2171163700
410 279.30406955470073 2176163700
411 279.30406955470073 2181163600
412 279.30406955470073 2186164200
413 279.30406955470073 2191164600
414 279.30406955470073 2196164200
415 279.30406955470073 2201164100
416 279.30406955470073 2206164900
417 279.30406955470073 2211164200
418 279.30406955470073 2216164100
419 279.30406955470073 2221164700
420 279.30406955470073 2226164200
421 279.30406955470073 2232164400
422 279.30406955470073 2237164500
423 279.30406955470073 2242164000
424 279.30406955470073 2247164200
425 279.30406955470073 2252164100
426 279.30406955470073 2257161100
427 279.30406955470073 2262161100
428 279.30406955470073 2267161100
429 279.30406955470073 2272161200
430 279.30406955470073 2277161100
431 279.30406955470073 2282161100
432 279.30406955470073 2288161200
433 279.30406955470073 2293161300
434 279.30406955470073 2298161200
435 279.30406955470073 2303161200
436 279.30406955470073 2308160900
437 279.30406955470073 2313161100
438 279.30406955470073 2318161000
439 279.30406955470073 2323161100
440 279.30406955470073 2328161100
441 279.30406955470073 2333161100
442 279.30406955470073 2338161100
443 279.30406955470073 2343161200
444 279.30406955470073 2348161100
445 279.30406955470073 2353161100
446 279.30406955470073 2358161200
447 279.30406955470073 2363164800
448 279.30406955470073 2368163600
449 279.30406955470073 2373163800
450 279.30406955470073 2378163700
451 279.30406955470073 2383167100
452 279.30406955470073 2391165100
453 279.30406955470073 2397165400
454 279.30406955470073 2404195400
455 279.30406955470073 2412194900
456 279.30406955470073 2418161500
457 279.30406955470073 2424162400
458 279.30406955470073 2430200600
459 279.30406955470073 2436161800
460 279.30406955470073 2441162400
461 279.30406955470073 2446163300
462 279.30406955470073 2451161500
463 279.30406955470073 2456187400
464 279.30406955470073 2462193200
465 279.30406955470073 2467191400
466 279.30406955470073 2472194600
467 279.30406955470073 2477161800
468 279.30406955470073 2482194100
469 279.30406955470073 2487193500
470 279.30406955470073 2492193100
471 279.30406955470073 2497197400
472 279.30406955470073 2502195500
473 279.30406955470073 2507194100
474 279.30406955470073 2512195000
475 279.30406955470073 2517192400
476 279.30406955470073 2522190300
477 279.30406955470073 2527194500
478 279.30406955470073 2532193500
479 279.30406955470073 2537193300
480 279.30406955470073 2542193100
481 279.30406955470073 2547190100
482 279.30406955470073 2552194700
483 279.30406955470073 2557197700
484 279.30406955470073 2562193400
485 279.30406955470073 2566193300
486 279.30406955470073 2571193400
487 279.30406955470073 2576192400
488 279.30406955470073 2581192400
489 279.30406955470073 2586160100
490 279.30406955470073 2591165700
491 279.30406955470073 2596193300
492 279.30406955470073 2601193000
493 279.30406955470073 2606193800
494 279.30406955470073 2611190100
495 279.30406955470073 2616194700
496 279.30406955470073 2621192600
497 279.30406955470073 2626193400
498 279.30406955470073 2631193800
499 279.30406955470073 2636195000
Best cost: 279.30406955470073
Path taken: 2 0 11 6 3 14 1 5 9 10 15 8 13 7 12 4