Problem size: small
0 358.8826295803689 88997900
1 358.8826295803689 95000000
2 358.8826295803689 105999200
3 358.8826295803689 115998800
4 358.8826295803689 125999700
5 358.8826295803689 131999100
6 358.8826295803689 139998400
7 358.8826295803689 148000100
8 358.8826295803689 157998600
9 358.8826295803689 172998000
10 358.8826295803689 185998500
11 358.8826295803689 191997400
12 358.8826295803689 198997900
13 358.8826295803689 208997400
14 358.8826295803689 219998000
15 358.8826295803689 229999000
16 358.8826295803689 239997400
17 358.8826295803689 245997700
18 358.8826295803689 253997500
19 358.8826295803689 259997500
20 358.8826295803689 269997200
21 358.8826295803689 279997400
22 358.8826295803689 290998400
23 325.7618443831085 297997400
24 325.7618443831085 303000200
25 325.7618443831085 310998100
26 325.7618443831085 321998200
27 325.7618443831085 330998000
28 325.7618443831085 341998200
29 325.7618443831085 348999300
30 325.7618443831085 353998100
31 325.7618443831085 358998300
32 325.7618443831085 364998200
33 325.7618443831085 375999500
34 325.7618443831085 385999200
35 325.7618443831085 392998200
36 325.7618443831085 402999300
37 325.7618443831085 408998100
38 325.7618443831085 413999400
39 325.7618443831085 424998200
40 325.7618443831085 437998300
41 325.7618443831085 442997600
42 325.7618443831085 452999700
43 325.7618443831085 464998300
44 325.7618443831085 475997400
45 325.7618443831085 485997900
46 325.7618443831085 496997400
47 325.7618443831085 503000000
48 317.0924959480063 507998800
49 317.0924959480063 512998100
50 317.0924959480063 522998500
51 317.0924959480063 533998200
52 317.0924959480063 543000200
53 317.0924959480063 549998900
54 308.6235415801777 558999800
55 302.34849207292154 574998400
56 279.3040695547008 581999100
57 279.3040695547008 603998300
58 279.3040695547008 613999800
59 279.3040695547008 625000200
60 279.3040695547008 634997500
61 279.3040695547008 644998300
62 279.3040695547008 651998400
63 279.3040695547008 661998900
64 279.3040695547008 672998300
65 279.3040695547008 682998400
66 279.3040695547008 693998500
67 279.3040695547008 703998500
68 279.3040695547008 713998400
69 279.3040695547008 722000200
70 279.3040695547008 731997900
71 279.3040695547008 737997900
72 279.3040695547008 742997800
73 279.3040695547008 747997400
74 279.3040695547008 752998200
75 279.3040695547008 762998300
76 279.3040695547008 769998400
77 279.3040695547008 774998300
78 279.3040695547008 779998000
79 279.3040695547008 785998000
80 279.3040695547008 796998200
81 279.3040695547008 807998100
82 279.3040695547008 817998100
83 279.3040695547008 828997400
84 279.3040695547008 841998300
85 279.3040695547008 857997900
86 279.3040695547008 868997400
87 279.3040695547008 875997400
88 279.3040695547008 882997900
89 279.30406955470073 896997400
90 279.30406955470073 904997600
91 279.30406955470073 915999900
92 279.30406955470073 923997400
93 279.30406955470073 934998500
94 279.30406955470073 944998000
95 279.30406955470073 955998400
96 279.30406955470073 963998500
97 279.30406955470073 968997400
98 279.30406955470073 973997400
99 279.30406955470073 982997500
100 279.30406955470073 992998100
101 279.30406955470073 999998500
102 279.30406955470073 1007998800
103 279.30406955470073 1017999200
104 279.30406955470073 1024999800
105 279.30406955470073 1042998100
106 279.30406955470073 1050997500
107 279.30406955470073 1063997300
108 279.30406955470073 1074998000
109 279.30406955470073 1084998000
110 279.30406955470073 1095997300
111 279.30406955470073 1105998500
112 279.30406955470073 1115997300
113 279.30406955470073 1126999700
114 279.30406955470073 1135998600
115 279.30406955470073 1141998100
116 279.30406955470073 1151999000
117 279.30406955470073 1164000500
118 279.30406955470073 1169998600
119 279.30406955470073 1178998200
120 279.30406955470073 1192997800
121 279.30406955470073 1197997500
122 279.30406955470073 1202998100
123 279.30406955470073 1208998600
124 279.30406955470073 1216998400
125 279.30406955470073 1226999600
126 279.30406955470073 1237998100
127 279.30406955470073 1244999300
128 279.30406955470073 1255997900
129 279.30406955470073 1260998000
130 279.30406955470073 1265998100
131 279.30406955470073 1273997700
132 279.30406955470073 1286997700
133 279.30406955470073 1297997600
134 279.30406955470073 1307998100
135 279.30406955470073 1317998500
136 279.30406955470073 1327999400
137 279.30406955470073 1336998400
138 279.30406955470073 1346997800
139 279.30406955470073 1354998200
140 279.30406955470073 1364998100
141 279.30406955470073 1375998300
142 279.30406955470073 1385998000
143 279.30406955470073 1392998200
144 279.30406955470073 1397997900
145 279.30406955470073 1403997300
146 279.30406955470073 1414997600
147 279.30406955470073 1423997500
148 279.30406955470073 1434997500
149 279.30406955470073 1439998200
150 279.30406955470073 1445998100
151 279.30406955470073 1453000300
152 279.30406955470073 1464997400
153 279.30406955470073 1475999300
154 279.30406955470073 1486998500
155 279.30406955470073 1495997700
156 279.30406955470073 1506997600
157 279.30406955470073 1516997900
158 279.30406955470073 1526998900
159 279.30406955470073 1536997300
160 279.30406955470073 1544997300
161 279.30406955470073 1549998000
162 279.30406955470073 1555997900
163 279.30406955470073 1560998200
164 279.30406955470073 1565997900
165 279.30406955470073 1583998200
166 279.30406955470073 1593998700
167 279.30406955470073 1604998900
168 279.30406955470073 1614998000
169 279.30406955470073 1625998300
170 279.30406955470073 1635998500
171 279.30406955470073 1645998500
172 279.30406955470073 1656998500
173 279.30406955470073 1661997300
174 279.30406955470073 1672997400
175 279.30406955470073 1682997800
176 279.30406955470073 1693997400
177 279.30406955470073 1703997400
178 279.30406955470073 1713998000
179 279.30406955470073 1722997700
180 279.30406955470073 1728997700
181 279.30406955470073 1738997300
182 279.30406955470073 1749998200
183 279.30406955470073 1759998200
184 279.30406955470073 1768999400
185 279.30406955470073 1774998100
186 279.30406955470073 1779999300
187 279.30406955470073 1787997400
188 279.30406955470073 1794998100
189 279.30406955470073 1804997900
190 279.30406955470073 1814998100
191 279.30406955470073 1825998200
192 279.30406955470073 1837998300
193 279.30406955470073 1848997500
194 279.30406955470073 1858999300
195 279.30406955470073 1869997400
196 279.30406955470073 1879997600
197 279.30406955470073 1889997800
198 279.30406955470073 1900997400
199 279.30406955470073 1910997200
200 279.30406955470073 1921999100
201 279.30406955470073 1930998100
202 279.30406955470073 1938998600
203 279.30406955470073 1946998000
204 279.30406955470073 1954997800
205 279.30406955470073 1961998400
206 279.30406955470073 1967000100
207 279.30406955470073 1973999400
208 279.30406955470073 1993998000
209 279.30406955470073 2004998000
210 279.30406955470073 2011998300
211 279.30406955470073 2017998800
212 279.30406955470073 2022998100
213 279.30406955470073 2027998300
214 279.30406955470073 2037997500
215 279.30406955470073 2047997800
216 279.30406955470073 2057998500
217 279.30406955470073 2069997500
218 279.30406955470073 2082997800
219 279.30406955470073 2091997300
220 279.30406955470073 2101997400
221 279.30406955470073 2109998300
222 279.30406955470073 2119998500
223 279.30406955470073 2127999000
224 279.30406955470073 2132999300
225 279.30406955470073 2142998200
226 279.30406955470073 2153998100
227 279.30406955470073 2163997900
228 279.30406955470073 2173000200
229 279.30406955470073 2177999000
230 279.30406955470073 2183999600
231 279.30406955470073 2189998700
232 279.30406955470073 2203997400
233 279.30406955470073 2211997200
234 279.30406955470073 2223997800
235 279.30406955470073 2232997400
236 279.30406955470073 2246997300
237 279.30406955470073 2258999200
238 279.30406955470073 2269999300
239 279.30406955470073 2278997400
240 279.30406955470073 2284999300
241 279.30406955470073 2289997300
242 279.30406955470073 2294997300
243 279.30406955470073 2299998100
244 279.30406955470073 2307997200
245 279.30406955470073 2318997500
246 279.30406955470073 2328997200
247 279.30406955470073 2342997200
248 279.30406955470073 2349998600
249 279.30406955470073 2358997700
250 279.30406955470073 2365997500
251 279.30406955470073 2372999300
252 279.30406955470073 2398999200
253 279.30406955470073 2415998600
254 279.30406955470073 2431999000
255 279.30406955470073 2445997400
256 279.30406955470073 2456997700
257 279.30406955470073 2461997400
258 279.30406955470073 2466997600
259 279.30406955470073 2477997800
260 279.30406955470073 2486997300
261 279.30406955470073 2501998500
262 279.30406955470073 2511998000
263 279.30406955470073 2522998200
264 279.30406955470073 2532998000
265 279.30406955470073 2539998900
266 279.30406955470073 2545998200
267 279.30406955470073 2553998700
268 279.30406955470073 2563998100
269 279.30406955470073 2574998200
270 279.30406955470073 2584998600
271 279.30406955470073 2595998000
272 279.30406955470073 2605998000
273 279.30406955470073 2616000000
274 279.30406955470073 2623998100
275 279.30406955470073 2628998100
276 279.30406955470073 2637998000
277 279.30406955470073 2647998200
278 279.30406955470073 2658998200
279 279.30406955470073 2665998000
280 279.30406955470073 2670998000
281 279.30406955470073 2676997900
282 279.30406955470073 2683998000
283 279.30406955470073 2693998000
284 279.30406955470073 2709998300
285 279.30406955470073 2720998200
286 279.30406955470073 2733999400
287 279.30406955470073 2739997400
288 279.30406955470073 2746998000
289 279.30406955470073 2756998900
290 279.30406955470073 2767998400
291 279.30406955470073 2777998000
292 279.30406955470073 2786997400
293 279.30406955470073 2796998100
294 279.30406955470073 2805998100
295 279.30406955470073 2813000000
296 279.30406955470073 2828997400
297 279.30406955470073 2839997400
298 279.30406955470073 2847997800
299 279.30406955470073 2853997400
300 279.30406955470073 2864997100
301 279.30406955470073 2874999400
302 279.30406955470073 2881998300
303 279.30406955470073 2892999500
304 279.30406955470073 2897998400
305 279.30406955470073 2902997800
306 279.30406955470073 2908998000
307 279.30406955470073 2920998000
308 279.30406955470073 2933998000
309 279.30406955470073 2945998100
310 279.30406955470073 2954998200
311 279.30406955470073 2963998000
312 279.30406955470073 2974998100
313 279.30406955470073 2984999500
314 279.30406955470073 2990998000
315 279.30406955470073 2998997500
316 279.30406955470073 3008997600
317 279.30406955470073 3018997500
318 279.30406955470073 3029998000
319 279.30406955470073 3039997900
320 279.30406955470073 3050997800
321 279.30406955470073 3058997400
322 279.30406955470073 3063997300
323 279.30406955470073 3068997400
324 279.30406955470073 3077998100
325 279.30406955470073 3088998100
326 279.30406955470073 3098998000
327 279.30406955470073 3109998100
328 279.30406955470073 3119998100
329 279.30406955470073 3125997400
330 279.30406955470073 3135997400
331 279.30406955470073 3145997400
332 279.30406955470073 3155998600
333 279.30406955470073 3164999800
334 279.30406955470073 3171998200
335 279.30406955470073 3181998200
336 279.30406955470073 3192998200
337 279.30406955470073 3202998000
338 279.30406955470073 3212997500
339 279.30406955470073 3218997500
340 279.30406955470073 3223997400
341 279.30406955470073 3229999100
342 279.30406955470073 3235998400
343 279.30406955470073 3245999500
344 279.30406955470073 3255998100
345 279.30406955470073 3261999200
346 279.30406955470073 3270998000
347 279.30406955470073 3277997800
348 279.30406955470073 3283997600
349 279.30406955470073 3288998200
350 279.30406955470073 3303997800
351 279.30406955470073 3311000400
352 279.30406955470073 3319998800
353 279.30406955470073 3335997800
354 279.30406955470073 3344998800
355 279.30406955470073 3355997200
356 279.30406955470073 3364998000
357 279.30406955470073 3374997600
358 279.30406955470073 3385998500
359 279.30406955470073 3395998000
360 279.30406955470073 3405997900
361 279.30406955470073 3415997600
362 279.30406955470073 3424997800
363 279.30406955470073 3432997400
364 279.30406955470073 3440997500
365 279.30406955470073 3450999100
366 279.30406955470073 3460997400
367 279.30406955470073 3471997500
368 279.30406955470073 3479999300
369 279.30406955470073 3489997400
370 279.30406955470073 3500997500
371 279.30406955470073 3508997500
372 279.30406955470073 3517998100
373 279.30406955470073 3525999400
374 279.30406955470073 3530997300
375 279.30406955470073 3536997300
376 279.30406955470073 3545997400
377 279.30406955470073 3553997200
378 279.30406955470073 3563997200
379 279.30406955470073 3574997300
380 279.30406955470073 3584997300
381 279.30406955470073 3589997400
382 279.30406955470073 3597998000
383 279.30406955470073 3607998200
384 279.30406955470073 3617998000
385 279.30406955470073 3627998000
386 279.30406955470073 3636998100
387 279.30406955470073 3647998000
388 279.30406955470073 3657997600
389 279.30406955470073 3664998300
390 279.30406955470073 3675998100
391 279.30406955470073 3682998000
392 279.30406955470073 3687998000
393 279.30406955470073 3692998100
394 279.30406955470073 3701541400
395 279.30406955470073 3711540100
396 279.30406955470073 3720539700
397 279.30406955470073 3729539300
398 279.30406955470073 3736540600
399 279.30406955470073 3750540400
400 279.30406955470073 3760540200
401 279.30406955470073 3772540800
402 279.30406955470073 3780543600
403 279.30406955470073 3790539500
404 279.30406955470073 3800539600
405 279.30406955470073 3806540600
406 279.30406955470073 3816540300
407 279.30406955470073 3827539600
408 279.30406955470073 3834539500
409 279.30406955470073 3849539800
410 279.30406955470073 3860539600
411 279.30406955470073 3871540300
412 279.30406955470073 3877540000
413 279.30406955470073 3887540600
414 279.30406955470073 3897540700
415 279.30406955470073 3904540200
416 279.30406955470073 3909540500
417 279.30406955470073 3915540300
418 279.30406955470073 3923540100
419 279.30406955470073 3934540400
420 279.30406955470073 3942539500
421 279.30406955470073 3949539600
422 279.30406955470073 3965540000
423 279.30406955470073 3971539600
424 279.30406955470073 3978539500
425 279.30406955470073 3988540100
426 279.30406955470073 3997540200
427 279.30406955470073 4007541800
428 279.30406955470073 4018540000
429 279.30406955470073 4028542100
430 279.30406955470073 4034541300
431 279.30406955470073 4040539900
432 279.30406955470073 4046540100
433 279.30406955470073 4054539400
434 279.30406955470073 4061540200
435 279.30406955470073 4075540200
436 279.30406955470073 4085540500
437 279.30406955470073 4095540400
438 279.30406955470073 4105540000
439 279.30406955470073 4116540400
440 279.30406955470073 4123540000
441 279.30406955470073 4132540100
442 279.30406955470073 4139540300
443 279.30406955470073 4147540300
444 279.30406955470073 4153541400
445 279.30406955470073 4163539500
446 279.30406955470073 4178540000
447 279.30406955470073 4185541800
448 279.30406955470073 4193539800
449 279.30406955470073 4207540100
450 279.30406955470073 4226539900
451 279.30406955470073 4234540500
452 279.30406955470073 4244541400
453 279.30406955470073 4255542700
454 279.30406955470073 4265540700
455 279.30406955470073 4272541300
456 279.30406955470073 4281540100
457 279.30406955470073 4292541700
458 279.30406955470073 4299541100
459 279.30406955470073 4308540700
460 279.30406955470073 4321540200
461 279.30406955470073 4335540800
462 279.30406955470073 4345540900
463 279.30406955470073 4356541000
464 279.30406955470073 4366540400
465 279.30406955470073 4372539800
466 279.30406955470073 4387541000
467 279.30406955470073 4398541400
468 279.30406955470073 4408540500
469 279.30406955470073 4418540300
470 279.30406955470073 4429541300
471 279.30406955470073 4440540700
472 279.30406955470073 4448540300
473 279.30406955470073 4458541700
474 279.30406955470073 4469541100
475 279.30406955470073 4478540600
476 279.30406955470073 4487540400
477 279.30406955470073 4497540200
478 279.30406955470073 4508541800
479 279.30406955470073 4517541600
480 279.30406955470073 4531540100
481 279.30406955470073 4540539500
482 279.30406955470073 4547540700
483 279.30406955470073 4553539600
484 279.30406955470073 4559540300
485 279.30406955470073 4567539500
486 279.30406955470073 4578541100
487 279.30406955470073 4584539500
488 279.30406955470073 4596540100
489 279.30406955470073 4612540100
490 279.30406955470073 4622540100
491 279.30406955470073 4633539600
492 279.30406955470073 4643539600
493 279.30406955470073 4651540200
494 279.30406955470073 4657540700
495 279.30406955470073 4662540300
496 279.30406955470073 4667540200
497 279.30406955470073 4672540000
498 279.30406955470073 4679541800
499 279.30406955470073 4694546900
Best cost: 279.30406955470073
Path taken: 2 0 11 6 3 14 1 5 9 10 15 8 13 7 12 4