Problem size: large
0 1364.274818079313 95991000
1 1280.4671267555661 186563400
2 1280.4671267555661 261533800
3 1181.8807832273856 339561200
4 1181.8807832273856 415530400
5 1181.8807832273856 491530700
6 1181.8807832273856 568530500
7 1181.8807832273856 646530500
8 1181.8807832273856 724531900
9 1181.8807832273856 801533700
10 1181.8807832273856 877533100
11 1181.8807832273856 953533200
12 1181.8807832273856 1030560900
13 1181.8807832273856 1110530500
14 1181.8807832273856 1188563100
15 1181.8807832273856 1264530300
16 1181.8807832273856 1340529600
17 1145.449779825259 1416561800
18 1145.449779825259 1492530400
19 1145.449779825259 1567532000
20 1145.449779825259 1644531900
21 1145.449779825259 1720530900
22 1106.289457078141 1797565300
23 1106.289457078141 1873563400
24 1106.289457078141 1948531900
25 1106.289457078141 2024532200
26 1106.289457078141 2099530700
27 1106.289457078141 2174531800
28 1106.289457078141 2250530500
29 1106.289457078141 2326531000
30 1071.3700591151096 2401530900
31 1071.3700591151096 2477529700
32 1027.1092187021875 2552529700
33 1027.1092187021875 2628529700
34 1027.1092187021875 2705531300
35 1027.1092187021875 2787530600
36 1027.1092187021875 2871564100
37 1027.1092187021875 2962531200
38 1027.1092187021875 3048532700
39 1027.1092187021875 3125530600
40 1027.1092187021875 3200532000
41 1027.1092187021875 3276530600
42 1027.1092187021875 3353530300
43 1027.1092187021875 3430530300
44 1027.1092187021875 3505530800
45 1027.1092187021875 3581532500
46 1027.1092187021875 3656530400
47 1027.1092187021875 3731532400
48 1027.1092187021875 3808556100
49 1027.1092187021875 3885555200
50 1012.4149984138435 3962561400
51 1012.4149984138435 4055556200
52 1012.4149984138435 4139555500
53 980.6246726919328 4214555500
54 980.6246726919328 4290556500
55 980.6246726919328 4365560800
56 980.6246726919328 4441555300
57 980.6246726919328 4516555200
58 972.5290818444778 4607746600
59 972.5290818444778 4682739500
60 972.5290818444778 4758751800
61 972.5290818444778 4837712800
62 972.5290818444778 4914745600
63 972.5290818444778 4990744700
64 972.5290818444778 5065713500
65 972.5290818444778 5141714800
66 942.6796054251469 5216714500
67 942.6796054251469 5292713000
68 942.6796054251469 5367713100
69 942.6796054251469 5443743900
70 942.6796054251469 5519712100
71 942.6796054251469 5594711900
72 942.6796054251469 5669712400
73 942.6796054251469 5744712400
74 942.6796054251469 5820712500
75 942.6796054251469 5896715700
76 942.6796054251469 5972714900
77 942.6796054251469 6048711900
78 942.6796054251469 6130748000
79 942.6796054251469 6214743700
80 942.6796054251469 6289745500
81 942.6796054251469 6365742800
82 936.2130829821588 6457746000
83 821.1919223828183 6533752000
84 821.1919223828183 6609740100
85 821.1919223828183 6684738000
86 821.1919223828183 6760741600
87 821.1919223828183 6836748900
88 821.1919223828183 6912743400
89 821.1919223828183 6987713600
90 821.1919223828183 7065739400
91 821.1919223828183 7140746500
92 821.1919223828183 7216713000
93 821.1919223828183 7291712300
94 821.1919223828183 7375713700
95 821.1919223828183 7458743700
96 821.1919223828183 7534746000
97 821.1919223828183 7609746300
98 821.1919223828183 7689714200
99 821.1919223828183 7765711800
100 821.1919223828183 7842711900
101 821.1919223828183 7920716200
102 821.1919223828183 7996716000
103 821.1919223828183 8083738100
104 821.1919223828183 8162739400
105 821.1919223828183 8237738100
106 821.1919223828183 8327749200
107 821.1919223828183 8403751400
108 821.1919223828183 8478744200
109 821.1919223828183 8554743700
110 821.1919223828183 8632744500
111 821.1919223828183 8707714800
112 791.1301359437444 8786375700
113 791.1301359437444 8861457300
114 791.1301359437444 8937529900
115 791.1301359437444 9013540500
116 791.1301359437444 9088602900
117 791.1301359437444 9164689400
118 791.1301359437444 9239763100
119 788.3528124694305 9315843800
120 788.3528124694305 9390926000
121 788.3528124694305 9466967800
122 788.3528124694305 9548023900
123 788.3528124694305 9624434400
124 788.3528124694305 9706397400
125 788.3528124694305 9782398300
126 788.3528124694305 9859401400
127 788.3528124694305 9948433600
128 783.3617265407817 10024426300
129 783.3617265407817 10099424400
130 783.3617265407817 10175432700
131 783.3617265407817 10251432000
132 783.3617265407817 10327428100
133 783.3617265407817 10402425900
134 783.3617265407817 10477424400
135 783.3617265407817 10553426300
136 783.3617265407817 10629424200
137 783.3617265407817 10704424900
138 782.2651145373142 10781424900
139 771.2579426984119 10856424200
140 720.138329812088 10937427000
141 720.138329812088 11012430100
142 720.138329812088 11092423800
143 720.138329812088 11174424600
144 720.138329812088 11249424500
145 720.138329812088 11325432600
146 720.138329812088 11401426900
147 720.138329812088 11477432900
148 720.138329812088 11552425200
149 720.138329812088 11633434900
150 720.138329812088 11713430000
151 720.138329812088 11811432500
152 720.138329812088 11887431000
153 720.138329812088 11963399000
154 720.138329812088 12039400500
155 720.138329812088 12115430300
156 720.138329812088 12192398900
157 718.8558750970474 12272429800
158 718.8558750970474 12349432000
159 718.8558750970474 12425398700
160 709.7275325153531 12500399800
161 709.7275325153531 12576399200
162 709.7275325153531 12651400400
163 709.7275325153531 12733400600
164 709.7275325153531 12808399700
165 709.7275325153531 12884398900
166 709.7275325153531 12959431100
167 709.7275325153531 13035398000
168 709.7275325153531 13110399800
169 709.7275325153531 13186432500
170 709.7275325153531 13262400700
171 697.4659628276946 13337400600
172 697.4659628276946 13413399000
173 697.4659628276946 13488398700
174 697.4659628276946 13563400700
175 697.4659628276946 13639398900
176 697.4659628276946 13714400300
177 697.4659628276946 13790398800
178 697.4659628276946 13865399000
179 697.4659628276946 13943397600
180 697.4659628276946 14019400300
181 697.4659628276946 14094401800
182 697.4659628276946 14170400400
183 697.4659628276946 14246401800
184 697.4659628276946 14322401200
185 697.4659628276946 14398400400
186 697.4659628276946 14474400400
187 697.4659628276946 14561430000
188 697.4659628276946 14637431200
189 697.4659628276946 14713423900
190 682.2477092207399 14789558200
191 682.2477092207399 14866531800
192 682.2477092207399 14949559300
193 682.2477092207399 15026557700
194 682.2477092207399 15101572500
195 682.2477092207399 15176557500
196 682.2477092207399 15251575900
197 682.2477092207399 15327559300
198 682.2477092207399 15407563000
199 682.2477092207399 15482568100
200 682.2477092207399 15558563700
201 682.2477092207399 15644660000
202 682.2477092207399 15719657000
203 682.2477092207399 15794657000
204 673.1199442614877 15881633500
205 673.1199442614877 15956664400
206 673.1199442614877 16031664700
207 672.0012686261858 16107664700
208 661.9757173137626 16183666600
209 661.9757173137626 16258659800
210 661.9757173137626 16333657400
211 661.9757173137626 16409658100
212 661.9757173137626 16484657600
213 659.5922456002739 16559665700
214 659.5922456002739 16638664600
215 659.5922456002739 16721664600
216 659.5922456002739 16797658000
217 659.5922456002739 16878658300
218 659.5922456002739 16953657000
219 659.5922456002739 17035657500
220 659.5922456002739 17111633100
221 659.5922456002739 17187665200
222 659.5922456002739 17267631900
223 659.5922456002739 17342632900
224 659.5922456002739 17418633200
225 659.5922456002739 17493633800
226 659.5922456002739 17568633500
227 653.2547030608479 17644632700
228 653.2547030608479 17741658000
229 653.2547030608479 17816665300
230 653.2547030608479 17892633600
231 653.2547030608479 17967633500
232 653.2547030608479 18042632500
233 650.1824531018282 18117632000
234 640.1608496728339 18193632100
235 640.1608496728339 18268632300
236 640.1608496728339 18344631100
237 640.1608496728339 18419662800
238 640.1608496728339 18494631900
239 640.1608496728339 18569631800
240 640.1608496728339 18648663200
241 640.1608496728339 18725664600
242 640.1608496728339 18804662900
243 640.1608496728339 18880631400
244 640.1608496728339 18956663100
245 640.1608496728339 19031633700
246 640.1608496728339 19107632000
247 640.1608496728339 19183630600
248 640.1608496728339 19259633700
249 640.1608496728339 19334634700
250 640.1608496728339 19410634700
251 640.1608496728339 19514663600
252 640.1608496728339 19590662700
253 640.1608496728339 19665665100
254 640.1608496728339 19741635500
255 640.1608496728339 19818673000
256 640.1608496728339 19895672000
257 640.1608496728339 19970705100
258 640.1608496728339 20046710800
259 640.1608496728339 20122704300
260 640.1608496728339 20205699200
261 640.1608496728339 20285703400
262 640.1608496728339 20361714800
263 640.1608496728339 20436673400
264 640.1608496728339 20512673900
265 640.1608496728339 20587672500
266 640.1608496728339 20662673400
267 640.1608496728339 20738673800
268 640.1608496728339 20814672700
269 640.1608496728339 20889672800
270 640.1608496728339 20966703400
271 640.1608496728339 21042674100
272 640.1608496728339 21119671200
273 640.1608496728339 21196672000
274 640.1608496728339 21272675500
275 640.1608496728339 21349674200
276 640.1608496728339 21426671300
277 640.1608496728339 21501672100
278 640.1608496728339 21577675500
279 640.1608496728339 21653676100
280 640.1608496728339 21729697600
281 640.1608496728339 21807705200
282 640.1608496728339 21884706900
283 640.1608496728339 21960675600
284 640.1608496728339 22036672600
285 640.1608496728339 22112711600
286 640.1608496728339 22187674000
287 640.1608496728339 22263706200
288 640.1608496728339 22339675300
289 640.1608496728339 22415672600
290 640.1608496728339 22490672800
291 640.1608496728339 22565673300
292 640.1608496728339 22641673000
293 640.1608496728339 22717672600
294 640.1608496728339 22793673400
295 640.1608496728339 22868672900
296 640.1608496728339 22944672600
297 640.1608496728339 23019673200
298 640.1608496728339 23095672900
299 640.1608496728339 23182675600
300 640.1608496728339 23262671400
301 640.1608496728339 23345720900
302 640.1608496728339 23424672800
303 640.1608496728339 23502702000
304 640.1608496728339 23578697900
305 640.1608496728339 23653699300
306 640.1608496728339 23729763300
307 640.1608496728339 23805840300
308 640.1608496728339 23881841300
309 640.1608496728339 23957813800
310 640.1608496728339 24033817000
311 640.1608496728339 24109816900
312 640.1608496728339 24185816900
313 640.1608496728339 24260814700
314 640.1608496728339 24336814500
315 640.1608496728339 24415847000
316 640.1608496728339 24490847500
317 640.1608496728339 24566816500
318 640.1608496728339 24641815500
319 640.1608496728339 24718814400
320 640.1608496728339 24793851100
321 640.1608496728339 24874816700
322 640.1608496728339 24950928700
323 640.1608496728339 25025928700
324 640.1608496728339 25101927700
325 640.1608496728339 25177927200
326 640.1608496728339 25253929100
327 640.1608496728339 25329927100
328 638.8333355726023 25405928100
329 638.8333355726023 25481926200
330 638.8333355726023 25556926300
331 638.8333355726023 25632960100
332 638.8333355726023 25709951900
333 638.8333355726023 25796955300
334 638.8333355726023 25876953100
335 638.8333355726023 25960963500
336 638.8333355726023 26035958800
337 638.8333355726023 26111927900
338 638.8333355726023 26187927100
339 638.8333355726023 26267962500
340 638.8333355726023 26342961900
341 638.8333355726023 26418927200
342 638.8333355726023 26493927600
343 638.8333355726023 26568927400
344 638.8333355726023 26644927600
345 630.1046359781044 26721927500
346 630.1046359781044 26797928500
347 630.1046359781044 26872927700
348 630.1046359781044 26947927400
349 630.1046359781044 27023927700
350 630.1046359781044 27099957300
351 630.1046359781044 27192926400
352 630.1046359781044 27267927700
353 630.1046359781044 27343927500
354 630.1046359781044 27419927300
355 630.1046359781044 27495927200
356 630.1046359781044 27571927400
357 630.1046359781044 27646928200
358 630.1046359781044 27722927400
359 630.1046359781044 27798927200
360 630.1046359781044 27880038000
361 630.1046359781044 27955038500
362 630.1046359781044 28031038000
363 630.1046359781044 28106038300
364 630.1046359781044 28181039200
365 630.1046359781044 28257038000
366 630.1046359781044 28332038600
367 630.1046359781044 28408038000
368 630.1046359781044 28483038400
369 630.1046359781044 28559037900
370 630.1046359781044 28634038500
371 630.1046359781044 28710038800
372 630.1046359781044 28786069700
373 630.1046359781044 28862068800
374 630.1046359781044 28946069800
375 630.1046359781044 29021039100
376 630.1046359781044 29097068500
377 630.1046359781044 29173037300
378 630.1046359781044 29257038400
379 630.1046359781044 29333037300
380 630.1046359781044 29409038200
381 630.1046359781044 29484038200
382 630.1046359781044 29560038300
383 630.1046359781044 29636037200
384 630.1046359781044 29711038000
385 630.1046359781044 29786038400
386 630.1046359781044 29867037200
387 630.1046359781044 29944069300
388 630.1046359781044 30026039500
389 630.1046359781044 30102040000
390 630.1046359781044 30178039600
391 630.1046359781044 30254039900
392 630.1046359781044 30330039700
393 630.1046359781044 30406041000
394 630.1046359781044 30483039900
395 630.1046359781044 30559039500
396 630.1046359781044 30635039800
397 630.1046359781044 30711038200
398 630.1046359781044 30788037400
399 630.1046359781044 30864041200
400 630.1046359781044 30945039800
401 630.1046359781044 31023041000
402 630.1046359781044 31100040600
403 630.1046359781044 31177040400
404 630.1046359781044 31253039600
405 630.1046359781044 31329039700
406 630.1046359781044 31405040900
407 630.1046359781044 31482040100
408 630.1046359781044 31558037700
409 630.1046359781044 31635039300
410 630.1046359781044 31711036900
411 630.1046359781044 31787037800
412 630.1046359781044 31863037700
413 630.1046359781044 31940036700
414 630.1046359781044 32016037200
415 630.1046359781044 32092041200
416 630.1046359781044 32168040900
417 630.1046359781044 32246036800
418 630.1046359781044 32322036700
419 630.1046359781044 32398036800
420 630.1046359781044 32478038100
421 630.1046359781044 32555036800
422 630.1046359781044 32631038900
423 630.1046359781044 32712068500
424 630.1046359781044 32788068800
425 630.1046359781044 32865062900
426 630.1046359781044 32956037500
427 630.1046359781044 33049039500
428 630.1046359781044 33126040900
429 630.1046359781044 33203040900
430 630.1046359781044 33280038100
431 630.1046359781044 33356070700
432 630.1046359781044 33458038700
433 630.1046359781044 33549038800
434 630.1046359781044 33635040500
435 630.1046359781044 33711040900
436 630.1046359781044 33788039900
437 630.1046359781044 33864040900
438 630.1046359781044 33943041800
439 630.1046359781044 34019040900
440 630.1046359781044 34096037300
441 630.1046359781044 34183037000
442 630.1046359781044 34279039800
443 630.1046359781044 34359071500
444 630.1046359781044 34436075800
445 630.1046359781044 34512038200
446 630.1046359781044 34588038600
447 630.1046359781044 34665069500
448 630.1046359781044 34741065300
449 630.1046359781044 34818070800
450 630.1046359781044 34895042300
451 630.1046359781044 34985037700
452 630.1046359781044 35062069400
453 630.1046359781044 35141052800
454 630.1046359781044 35236039600
455 630.1046359781044 35327070500
456 630.1046359781044 35413067200
457 630.1046359781044 35495069000
458 630.1046359781044 35571038000
459 630.1046359781044 35656038400
460 630.1046359781044 35752039400
461 630.1046359781044 35837038200
462 630.1046359781044 35914068600
463 630.1046359781044 36004069500
464 630.1046359781044 36095037900
465 630.1046359781044 36171037100
466 630.1046359781044 36254066100
467 630.1046359781044 36331040600
468 630.1046359781044 36426036900
469 630.1046359781044 36526037700
470 630.1046359781044 36603070100
471 630.1046359781044 36679068500
472 630.1046359781044 36757071000
473 630.1046359781044 36855036900
474 630.1046359781044 36948037800
475 630.1046359781044 37025037000
476 629.9552172889076 37110036800
477 629.9552172889076 37186037600
478 629.9552172889076 37263036700
479 629.9552172889076 37339039300
480 629.9552172889076 37416039700
481 629.9552172889076 37492040100
482 629.9552172889076 37581038000
483 629.9552172889076 37684037600
484 629.9552172889076 37770038000
485 629.9552172889076 37846068600
486 629.9552172889076 37921071200
487 629.9552172889076 37997038900
488 629.9552172889076 38072040100
489 629.9552172889076 38148038400
490 629.9552172889076 38223039600
491 629.9552172889076 38299038700
492 629.9552172889076 38376071600
493 629.9552172889076 38451066600
494 629.9552172889076 38542094700
495 629.9552172889076 38618126400
496 629.9552172889076 38694095700
497 629.9552172889076 38770095900
498 629.9552172889076 38850097000
499 629.9552172889076 38926095700
Best cost: 629.9552172889076
Path taken: 9 51 24 6 29 63 8 56 47 31 48 18 36 42 30 38 11 50 55 37 46 39 13 44 4 59 57 17 53 12 49 23 43 35 41 0 61 28 7 5 22 25 14 40 58 16 60 1 33 54 32 19 2 20 3 27 52 15 21 45 34 26 10 62