Problem size: small
0 386.3046246777476 5004300
1 386.3046246777476 11000900
2 386.3046246777476 19004600
3 386.3046246777476 28004000
4 386.3046246777476 34001800
5 386.3046246777476 39999300
6 381.98889441529525 46001100
7 381.98889441529525 53999400
8 381.98889441529525 60000700
9 381.98889441529525 64999300
10 381.98889441529525 69999300
11 381.98889441529525 74999300
12 381.98889441529525 79999200
13 381.98889441529525 84999300
14 381.98889441529525 89999200
15 381.98889441529525 93999200
16 381.98889441529525 99001400
17 381.98889441529525 104001000
18 381.98889441529525 109001000
19 313.0637879882877 113999300
20 313.0637879882877 118999200
21 313.0637879882877 123999300
22 313.0637879882877 129002000
23 313.0637879882877 134001200
24 313.0637879882877 139001200
25 313.0637879882877 143001300
26 313.0637879882877 148002900
27 313.0637879882877 153002600
28 313.0637879882877 158002500
29 313.0637879882877 163002500
30 313.0637879882877 168002300
31 313.0637879882877 173002600
32 313.0637879882877 178002600
33 313.0637879882877 183002500
34 313.0637879882877 188002500
35 313.0637879882877 193003600
36 313.0637879882877 198002400
37 313.0637879882877 202002900
38 313.0637879882877 207002700
39 313.0637879882877 212002700
40 313.0637879882877 217002500
41 313.0637879882877 222002900
42 313.0637879882877 227002400
43 313.0637879882877 232008000
44 313.0637879882877 237002900
45 313.0637879882877 242002800
46 313.0637879882877 247002800
47 313.0637879882877 252002600
48 313.0637879882877 257002800
49 313.0637879882877 262002900
50 313.0637879882877 267002700
51 313.0637879882877 272010500
52 313.0637879882877 278000700
53 313.0637879882877 283032200
54 313.0637879882877 288999400
55 313.0637879882877 293999400
56 313.0637879882877 299005500
57 313.0637879882877 303999500
58 313.0637879882877 308999400
59 313.0637879882877 313999400
60 313.0637879882877 319000200
61 313.0637879882877 323999200
62 313.0637879882877 328999300
63 313.0637879882877 334000200
64 313.0637879882877 338999400
65 313.0637879882877 343999300
66 313.0637879882877 347999200
67 313.0637879882877 352999200
68 313.0637879882877 357999200
69 313.0637879882877 362999200
70 313.0637879882877 367999300
71 313.0637879882877 372999200
72 313.0637879882877 377999200
73 307.5854374586813 382999300
74 307.5854374586813 387999300
75 279.30406955470073 392999300
76 279.30406955470073 397999200
77 279.30406955470073 401999200
78 279.30406955470073 406999300
79 279.30406955470073 412000300
80 279.30406955470073 416999200
81 279.30406955470073 421999300
82 279.30406955470073 426999700
83 279.30406955470073 431999500
84 279.30406955470073 436999200
85 279.30406955470073 440999200
86 279.30406955470073 446999400
87 279.30406955470073 450999300
88 279.30406955470073 455999200
89 279.30406955470073 460999300
90 279.30406955470073 465999300
91 279.30406955470073 470999300
92 279.30406955470073 476026200
93 279.30406955470073 481035200
94 279.30406955470073 486031800
95 279.30406955470073 491031500
96 279.30406955470073 495032500
97 279.30406955470073 500030800
98 279.30406955470073 505032600
99 279.30406955470073 510036700
100 279.30406955470073 515030300
101 279.30406955470073 520000900
102 279.30406955470073 526003100
103 279.30406955470073 533527600
104 279.30406955470073 541527300
105 279.30406955470073 550527000
106 279.30406955470073 556526100
107 279.30406955470073 561524700
108 279.30406955470073 567551100
109 279.30406955470073 572558000
110 279.30406955470073 576556700
111 279.30406955470073 581557800
112 279.30406955470073 586557000
113 279.30406955470073 591559600
114 279.30406955470073 596557200
115 279.30406955470073 601559200
116 279.30406955470073 606560500
117 279.30406955470073 611557600
118 279.30406955470073 616551000
119 279.30406955470073 621570900
120 279.30406955470073 626562100
121 279.30406955470073 631562200
122 279.30406955470073 636567100
123 279.30406955470073 641555100
124 279.30406955470073 646564500
125 279.30406955470073 651556500
126 279.30406955470073 656554900
127 279.30406955470073 660556400
128 279.30406955470073 665561100
129 279.30406955470073 670561000
130 279.30406955470073 675557300
131 279.30406955470073 680551300
132 279.30406955470073 685529800
133 279.30406955470073 689558200
134 279.30406955470073 694556300
135 279.30406955470073 699551300
136 279.30406955470073 704556400
137 279.30406955470073 708556500
138 279.30406955470073 713558800
139 279.30406955470073 718556600
140 279.30406955470073 723561000
141 279.30406955470073 729556900
142 279.30406955470073 734556300
143 279.30406955470073 738525300
144 279.30406955470073 743553800
145 279.30406955470073 748553000
146 279.30406955470073 753558600
147 279.30406955470073 758556900
148 279.30406955470073 763130300
149 279.30406955470073 768127500
150 279.30406955470073 773168200
151 279.30406955470073 778168800
152 279.30406955470073 783137900
153 279.30406955470073 789137200
154 279.30406955470073 794143900
155 279.30406955470073 799175600
156 279.30406955470073 804189100
157 279.30406955470073 809188500
158 279.30406955470073 814199300
159 279.30406955470073 819199800
160 279.30406955470073 824210400
161 279.30406955470073 829210500
162 279.30406955470073 834221100
163 279.30406955470073 839221100
164 279.30406955470073 843232100
165 279.30406955470073 848232500
166 279.30406955470073 853242800
167 279.30406955470073 858243300
168 279.30406955470073 863253700
169 279.30406955470073 868254100
170 279.30406955470073 873264200
171 279.30406955470073 878264600
172 279.30406955470073 883274600
173 279.30406955470073 889274900
174 279.30406955470073 894285800
175 279.30406955470073 898286100
176 279.30406955470073 903295900
177 279.30406955470073 908296300
178 279.30406955470073 913306600
179 279.30406955470073 918306100
180 279.30406955470073 923316300
181 279.30406955470073 928316700
182 279.30406955470073 933313200
183 279.30406955470073 938313200
184 279.30406955470073 943313200
185 279.30406955470073 948313300
186 279.30406955470073 953313200
187 279.30406955470073 958313200
188 279.30406955470073 963313200
189 279.30406955470073 968313300
190 279.30406955470073 973313100
191 279.30406955470073 978313200
192 279.30406955470073 983313100
193 279.30406955470073 988313100
194 279.30406955470073 993316700
195 279.30406955470073 998315800
196 279.30406955470073 1003315900
197 279.30406955470073 1008315800
198 279.30406955470073 1013315900
199 279.30406955470073 1018315900
200 279.30406955470073 1023315800
201 279.30406955470073 1028315200
202 279.30406955470073 1035317600
203 279.30406955470073 1040341800
204 279.30406955470073 1045317000
205 279.30406955470073 1050427300
206 279.30406955470073 1055385000
207 279.30406955470073 1060481300
208 279.30406955470073 1065423800
209 279.30406955470073 1069392400
210 279.30406955470073 1075425700
211 279.30406955470073 1080512900
212 279.30406955470073 1085433000
213 279.30406955470073 1089464100
214 279.30406955470073 1094465200
215 279.30406955470073 1100264100
216 279.30406955470073 1105189900
217 279.30406955470073 1110224500
218 279.30406955470073 1115221200
219 279.30406955470073 1120225400
220 279.30406955470073 1124222900
221 279.30406955470073 1129228400
222 279.30406955470073 1134223300
223 279.30406955470073 1139190400
224 279.30406955470073 1144222500
225 279.30406955470073 1149221400
226 279.30406955470073 1154226100
227 279.30406955470073 1159222600
228 279.30406955470073 1163223900
229 279.30406955470073 1168225500
230 279.30406955470073 1173222100
231 279.30406955470073 1178221400
232 279.30406955470073 1183224300
233 279.30406955470073 1188225100
234 279.30406955470073 1193228200
235 279.30406955470073 1198224000
236 279.30406955470073 1203222400
237 279.30406955470073 1207225800
238 279.30406955470073 1212221900
239 279.30406955470073 1217221300
240 279.30406955470073 1222190800
241 279.30406955470073 1227191700
242 279.30406955470073 1233221500
243 279.30406955470073 1237190200
244 279.30406955470073 1242224000
245 279.30406955470073 1247223800
246 279.30406955470073 1252222000
247 279.30406955470073 1257228300
248 279.30406955470073 1262223300
249 279.30406955470073 1267224900
250 279.30406955470073 1272194700
251 279.30406955470073 1278190300
252 279.30406955470073 1284226000
253 279.30406955470073 1290190900
254 279.30406955470073 1295223800
255 279.30406955470073 1300224500
256 279.30406955470073 1305191500
257 279.30406955470073 1310223700
258 279.30406955470073 1315190300
259 279.30406955470073 1320221500
260 279.30406955470073 1325223300
261 279.30406955470073 1330223100
262 279.30406955470073 1335191400
263 279.30406955470073 1340243000
264 279.30406955470073 1345639600
265 279.30406955470073 1350588900
266 279.30406955470073 1355589700
267 279.30406955470073 1360588400
268 279.30406955470073 1366589700
269 279.30406955470073 1371588700
270 279.30406955470073 1377588700
271 279.30406955470073 1382626100
272 279.30406955470073 1388589400
273 279.30406955470073 1393590600
274 279.30406955470073 1398589300
275 279.30406955470073 1404590300
276 279.30406955470073 1409588800
277 279.30406955470073 1414588600
278 279.30406955470073 1418593700
279 279.30406955470073 1423590000
280 279.30406955470073 1428620700
281 279.30406955470073 1434588800
282 279.30406955470073 1438619900
283 279.30406955470073 1443619600
284 279.30406955470073 1448619200
285 279.30406955470073 1453620500
286 279.30406955470073 1457623100
287 279.30406955470073 1462620800
288 279.30406955470073 1467621800
289 279.30406955470073 1472591300
290 279.30406955470073 1477622500
291 279.30406955470073 1482591000
292 279.30406955470073 1487588900
293 279.30406955470073 1493134000
294 279.30406955470073 1497131300
295 279.30406955470073 1503132700
296 279.30406955470073 1507132600
297 279.30406955470073 1512104300
298 279.30406955470073 1517131600
299 279.30406955470073 1522135200
300 279.30406955470073 1527137700
301 279.30406955470073 1532133400
302 279.30406955470073 1538139100
303 279.30406955470073 1545101500
304 279.30406955470073 1549100500
305 279.30406955470073 1555132800
306 279.30406955470073 1559652500
307 279.30406955470073 1564226800
308 279.30406955470073 1569194000
309 279.30406955470073 1574229800
310 279.30406955470073 1579196500
311 279.30406955470073 1584228600
312 279.30406955470073 1589227900
313 279.30406955470073 1594270000
314 279.30406955470073 1598277500
315 279.30406955470073 1603271400
316 279.30406955470073 1608273800
317 279.30406955470073 1613273400
318 279.30406955470073 1618273700
319 279.30406955470073 1623239900
320 279.30406955470073 1628273400
321 279.30406955470073 1633274500
322 279.30406955470073 1637271400
323 279.30406955470073 1642274100
324 279.30406955470073 1648272800
325 279.30406955470073 1652270800
326 279.30406955470073 1657271200
327 279.30406955470073 1662272100
328 279.30406955470073 1667271800
329 279.30406955470073 1672249800
330 279.30406955470073 1677273300
331 279.30406955470073 1681238900
332 279.30406955470073 1686267800
333 279.30406955470073 1691286200
334 279.30406955470073 1696313700
335 279.30406955470073 1701284500
336 279.30406955470073 1706318200
337 279.30406955470073 1711284600
338 279.30406955470073 1716311100
339 279.30406955470073 1720313500
340 279.30406955470073 1725307900
341 279.30406955470073 1730316800
342 279.30406955470073 1735315900
343 279.30406955470073 1740314300
344 279.30406955470073 1745316500
345 279.30406955470073 1750316100
346 279.30406955470073 1755319300
347 279.30406955470073 1759313700
348 279.30406955470073 1764312200
349 279.30406955470073 1769314700
350 279.30406955470073 1774317400
351 279.30406955470073 1780282600
352 279.30406955470073 1785285700
353 279.30406955470073 1790378900
354 279.30406955470073 1795352500
355 279.30406955470073 1801320900
356 279.30406955470073 1810326100
357 279.30406955470073 1820322800
358 279.30406955470073 1826353300
359 279.30406955470073 1834324600
360 279.30406955470073 1840348400
361 279.30406955470073 1845353700
362 279.30406955470073 1850347900
363 279.30406955470073 1855346700
364 279.30406955470073 1860336000
365 279.30406955470073 1864347200
366 279.30406955470073 1869347300
367 279.30406955470073 1874362300
368 279.30406955470073 1879352600
369 279.30406955470073 1884352300
370 279.30406955470073 1889320500
371 279.30406955470073 1894353500
372 279.30406955470073 1899330100
373 279.30406955470073 1904352700
374 279.30406955470073 1909353500
375 279.30406955470073 1913356700
376 279.30406955470073 1918355700
377 279.30406955470073 1923352200
378 279.30406955470073 1928323200
379 279.30406955470073 1933352700
380 279.30406955470073 1937352800
381 279.30406955470073 1943352300
382 279.30406955470073 1948352300
383 279.30406955470073 1952335500
384 279.30406955470073 1957354300
385 279.30406955470073 1962352200
386 279.30406955470073 1967353900
387 279.30406955470073 1972356400
388 279.30406955470073 1977351800
389 279.30406955470073 1982353900
390 279.30406955470073 1986359700
391 279.30406955470073 1991387600
392 279.30406955470073 1996391900
393 279.30406955470073 2001391600
394 279.30406955470073 2006360900
395 279.30406955470073 2011359600
396 279.30406955470073 2017359700
397 279.30406955470073 2022360200
398 279.30406955470073 2027360100
399 279.30406955470073 2033360000
400 279.30406955470073 2038429000
401 279.30406955470073 2044390400
402 279.30406955470073 2050428700
403 279.30406955470073 2056407300
404 279.30406955470073 2062435900
405 279.30406955470073 2067426200
406 279.30406955470073 2073429100
407 279.30406955470073 2077435000
408 279.30406955470073 2082433800
409 279.30406955470073 2088435000
410 279.30406955470073 2093433300
411 279.30406955470073 2097431600
412 279.30406955470073 2103436600
413 279.30406955470073 2108432200
414 279.30406955470073 2113433400
415 279.30406955470073 2118432600
416 279.30406955470073 2123438700
417 279.30406955470073 2128403000
418 279.30406955470073 2133433700
419 279.30406955470073 2138431900
420 279.30406955470073 2143433000
421 279.30406955470073 2148434200
422 279.30406955470073 2153431100
423 279.30406955470073 2158434100
424 279.30406955470073 2163438500
425 279.30406955470073 2168403700
426 279.30406955470073 2173403800
427 279.30406955470073 2178403800
428 279.30406955470073 2183403900
429 279.30406955470073 2187403900
430 279.30406955470073 2192415600
431 279.30406955470073 2197415400
432 279.30406955470073 2202415300
433 279.30406955470073 2207415500
434 279.30406955470073 2212415800
435 279.30406955470073 2217415200
436 279.30406955470073 2222415400
437 279.30406955470073 2226415200
438 279.30406955470073 2231415700
439 279.30406955470073 2236415300
440 279.30406955470073 2241415600
441 279.30406955470073 2246415500
442 279.30406955470073 2251415900
443 279.30406955470073 2256415200
444 279.30406955470073 2261415600
445 279.30406955470073 2266415400
446 279.30406955470073 2271415500
447 279.30406955470073 2276415400
448 279.30406955470073 2281415900
449 279.30406955470073 2286428300
450 279.30406955470073 2291426400
451 279.30406955470073 2297425200
452 279.30406955470073 2303257500
453 279.30406955470073 2309256900
454 279.30406955470073 2314258200
455 279.30406955470073 2319255500
456 279.30406955470073 2324255500
457 279.30406955470073 2329255500
458 279.30406955470073 2334288400
459 279.30406955470073 2339256100
460 279.30406955470073 2344290300
461 279.30406955470073 2349287500
462 279.30406955470073 2354281900
463 279.30406955470073 2359287000
464 279.30406955470073 2364288300
465 279.30406955470073 2369288300
466 279.30406955470073 2374287900
467 279.30406955470073 2378290200
468 279.30406955470073 2383257100
469 279.30406955470073 2388288200
470 279.30406955470073 2393291600
471 279.30406955470073 2398289000
472 279.30406955470073 2403289600
473 279.30406955470073 2408256200
474 279.30406955470073 2413288300
475 279.30406955470073 2418293000
476 279.30406955470073 2423290000
477 279.30406955470073 2427287000
478 279.30406955470073 2432289700
479 279.30406955470073 2437255400
480 279.30406955470073 2442288000
481 279.30406955470073 2447281900
482 279.30406955470073 2452255600
483 279.30406955470073 2457258500
484 279.30406955470073 2462256700
485 279.30406955470073 2467255800
486 279.30406955470073 2472256300
487 279.30406955470073 2477256400
488 279.30406955470073 2482255700
489 279.30406955470073 2487291300
490 279.30406955470073 2492291900
491 279.30406955470073 2497293200
492 279.30406955470073 2502287200
493 279.30406955470073 2507255400
494 279.30406955470073 2512338300
495 279.30406955470073 2517255500
496 279.30406955470073 2522255400
497 279.30406955470073 2527256500
498 279.30406955470073 2532255700
499 279.30406955470073 2537255500
Best cost: 279.30406955470073
Path taken: 2 0 11 6 3 14 1 5 9 10 15 8 13 7 12 4