Problem size: medium
0 628.1441077818151 19006700
1 628.1441077818151 26977600
2 588.7460287385034 36002000
3 588.7460287385034 42975800
4 588.7460287385034 54009500
5 582.6959757443666 60976200
6 582.6959757443666 68976100
7 582.6959757443666 75976300
8 582.6959757443666 82976900
9 582.6959757443666 90990600
10 582.6959757443666 97975300
11 582.6959757443666 104973200
12 582.6959757443666 111973200
13 582.6959757443666 125976700
14 582.6959757443666 132976600
15 582.6959757443666 139976600
16 582.6959757443666 149973700
17 547.879397727455 156976100
18 547.879397727455 168973800
19 547.879397727455 175976300
20 547.879397727455 182976200
21 547.879397727455 190976200
22 547.879397727455 203974100
23 547.879397727455 210975400
24 547.879397727455 217976500
25 526.9090577335154 224973600
26 526.9090577335154 231973000
27 526.9090577335154 239975100
28 516.375922631536 249976300
29 516.375922631536 261001200
30 516.375922631536 270007700
31 516.375922631536 276976400
32 516.375922631536 283976600
33 516.375922631536 292008400
34 516.375922631536 298975400
35 516.375922631536 309973900
36 516.375922631536 316975500
37 516.375922631536 323976600
38 516.375922631536 330976200
39 516.375922631536 337976300
40 516.375922631536 345975500
41 516.375922631536 354973800
42 516.375922631536 361976100
43 516.375922631536 369975700
44 516.375922631536 376976400
45 516.375922631536 383976500
46 516.375922631536 390976300
47 516.375922631536 397976700
48 516.375922631536 404976100
49 516.375922631536 411976100
50 516.375922631536 419973000
51 516.375922631536 427980600
52 516.375922631536 439974900
53 516.375922631536 453974000
54 516.375922631536 464974000
55 516.375922631536 475974100
56 516.375922631536 482976400
57 516.375922631536 489976500
58 516.375922631536 498976200
59 516.375922631536 505976300
60 516.375922631536 513974200
61 516.375922631536 520975400
62 516.375922631536 527976500
63 516.375922631536 534976200
64 516.375922631536 544973900
65 516.375922631536 551976500
66 516.375922631536 559975900
67 516.375922631536 566975400
68 516.375922631536 577973900
69 516.375922631536 585977300
70 516.375922631536 592976300
71 516.375922631536 599976600
72 516.375922631536 607976100
73 516.375922631536 614976700
74 516.375922631536 621976500
75 516.375922631536 628976200
76 516.375922631536 636975500
77 516.375922631536 643976100
78 516.375922631536 651974100
79 516.375922631536 658975400
80 516.375922631536 665976400
81 516.375922631536 672976400
82 516.375922631536 679976400
83 516.375922631536 686976200
84 516.375922631536 693976400
85 516.375922631536 700976300
86 516.375922631536 708975300
87 516.375922631536 718975400
88 516.375922631536 725976500
89 516.375922631536 732989900
90 516.375922631536 741192400
91 516.375922631536 747703300
92 516.375922631536 755710300
93 516.375922631536 764717800
94 463.25950840358234 771717200
95 463.25950840358234 782773200
96 463.25950840358234 789763200
97 463.25950840358234 797803300
98 463.25950840358234 804814100
99 463.25950840358234 817848800
100 463.25950840358234 828897800
101 463.25950840358234 837608200
102 463.25950840358234 845609800
103 463.25950840358234 853609400
104 463.25950840358234 860619400
105 463.25950840358234 868639700
106 463.25950840358234 875637800
107 463.25950840358234 882640300
108 463.25950840358234 890639300
109 463.25950840358234 897640200
110 463.25950840358234 904640700
111 463.25950840358234 911640500
112 449.86858273417386 918640100
113 449.86858273417386 925640200
114 449.86858273417386 933639200
115 449.86858273417386 940640000
116 449.86858273417386 947640200
117 449.86858273417386 959637600
118 449.86858273417386 967636700
119 449.86858273417386 974639200
120 449.86858273417386 981637200
121 449.86858273417386 988637000
122 449.86858273417386 995636900
123 449.86858273417386 1006639700
124 449.86858273417386 1014663600
125 449.86858273417386 1024669600
126 449.86858273417386 1032638900
127 449.86858273417386 1039640100
128 449.86858273417386 1046637000
129 449.86858273417386 1054640200
130 449.86858273417386 1061640500
131 449.86858273417386 1068640400
132 449.86858273417386 1075637900
133 449.86858273417386 1083640900
134 449.86858273417386 1092640300
135 449.86858273417386 1106640500
136 449.86858273417386 1114642400
137 449.86858273417386 1122639000
138 449.86858273417386 1131640700
139 449.86858273417386 1140639300
140 449.86858273417386 1148647000
141 449.86858273417386 1158638700
142 449.86858273417386 1167640700
143 449.86858273417386 1178637100
144 449.86858273417386 1187638000
145 449.86858273417386 1194637900
146 449.86858273417386 1203679300
147 449.86858273417386 1216639200
148 449.86858273417386 1230673500
149 449.86858273417386 1243638100
150 449.86858273417386 1254641300
151 449.86858273417386 1266638800
152 449.86858273417386 1277641000
153 449.86858273417386 1292641000
154 449.86858273417386 1302671200
155 449.86858273417386 1310638200
156 449.86858273417386 1321638400
157 449.86858273417386 1331639200
158 449.86858273417386 1344639800
159 449.86858273417386 1351641500
160 449.86858273417386 1360639500
161 449.86858273417386 1371640100
162 449.86858273417386 1380645600
163 449.86858273417386 1395637700
164 449.86858273417386 1402641200
165 449.86858273417386 1410637700
166 449.86858273417386 1417637700
167 449.86858273417386 1428640200
168 449.86858273417386 1435640200
169 449.86858273417386 1448641100
170 449.86858273417386 1456640000
171 449.86858273417386 1463638200
172 449.86858273417386 1470638400
173 449.86858273417386 1478637900
174 449.86858273417386 1485637900
175 449.86858273417386 1492640200
176 449.86858273417386 1499640300
177 449.86858273417386 1507640300
178 445.4984158265454 1515673400
179 445.4984158265454 1522637300
180 445.4984158265454 1529637300
181 445.4984158265454 1536637000
182 445.4984158265454 1544636600
183 445.4984158265454 1551637100
184 445.4984158265454 1558637100
185 445.4984158265454 1565637000
186 445.4984158265454 1572636900
187 445.4984158265454 1581639800
188 445.4984158265454 1588671800
189 445.4984158265454 1596670900
190 445.4984158265454 1603667500
191 445.4984158265454 1611637200
192 445.4984158265454 1618637000
193 445.4984158265454 1631669800
194 445.4984158265454 1638639800
195 445.4984158265454 1646639800
196 445.4984158265454 1654670700
197 445.4984158265454 1661640000
198 445.4984158265454 1668639800
199 445.4984158265454 1676639400
200 445.4984158265454 1683650500
201 445.4984158265454 1691637500
202 445.4984158265454 1706638900
203 445.4984158265454 1719671200
204 445.4984158265454 1729637400
205 445.4984158265454 1744641500
206 445.4984158265454 1758670800
207 445.4984158265454 1766640500
208 445.4984158265454 1773645900
209 445.4984158265454 1781640600
210 445.4984158265454 1788640300
211 445.4984158265454 1796640100
212 435.7930270810425 1803648100
213 435.7930270810425 1810640200
214 435.7930270810425 1817640200
215 435.7930270810425 1824640600
216 435.7930270810425 1831640600
217 435.7930270810425 1839639300
218 435.7930270810425 1846637000
219 435.7930270810425 1853642400
220 435.7930270810425 1860638400
221 435.7930270810425 1867637700
222 435.7930270810425 1875637600
223 435.7930270810425 1882637900
224 435.7930270810425 1891640500
225 435.7930270810425 1898640000
226 435.7930270810425 1912637500
227 435.7930270810425 1921652300
228 435.7930270810425 1928639300
229 435.7930270810425 1940670600
230 435.7930270810425 1952672200
231 435.7930270810425 1960640800
232 435.7930270810425 1967640300
233 435.7930270810425 1974640700
234 435.7735913516235 1982640400
235 435.7735913516235 1989640200
236 435.7735913516235 2000637700
237 435.7735913516235 2011640700
238 435.7735913516235 2018640100
239 435.7735913516235 2025640300
240 435.7735913516235 2032640000
241 435.7735913516235 2039637700
242 435.7735913516235 2048639000
243 435.7735913516235 2055637300
244 435.7735913516235 2062636900
245 435.7735913516235 2069637000
246 435.7735913516235 2076636900
247 435.7735913516235 2084637000
248 435.7735913516235 2091637200
249 435.7735913516235 2098637000
250 435.7735913516235 2109669100
251 435.7735913516235 2118641600
252 435.7735913516235 2133637000
253 435.7735913516235 2140637200
254 435.7735913516235 2147637200
255 435.7735913516235 2159636900
256 435.7735913516235 2170637000
257 435.7735913516235 2179636900
258 435.7735913516235 2187167800
259 435.7735913516235 2194187800
260 435.7735913516235 2202187900
261 435.7735913516235 2209212100
262 435.7735913516235 2216268500
263 435.7735913516235 2223372200
264 435.7735913516235 2230334300
265 435.7735913516235 2237401700
266 435.7735913516235 2244455100
267 435.7735913516235 2251455100
268 435.7735913516235 2259509600
269 435.7735913516235 2272562100
270 435.7735913516235 2279562200
271 435.7735913516235 2287562100
272 435.7735913516235 2294562300
273 435.7735913516235 2301562100
274 435.7735913516235 2308562100
275 435.7735913516235 2316562300
276 435.7735913516235 2324562500
277 435.7735913516235 2331564200
278 435.7735913516235 2338564000
279 435.7735913516235 2352562200
280 435.7735913516235 2359564200
281 435.7735913516235 2366564100
282 435.7735913516235 2373562100
283 435.7735913516235 2381564600
284 435.7735913516235 2391562500
285 435.7735913516235 2402624800
286 435.7735913516235 2409579400
287 435.7735913516235 2416590500
288 435.7735913516235 2423601800
289 435.7735913516235 2431602000
290 435.7735913516235 2438613700
291 435.7735913516235 2445625200
292 435.7735913516235 2453708300
293 435.7735913516235 2460670900
294 435.7735913516235 2467671100
295 435.7735913516235 2474670900
296 435.7735913516235 2481670900
297 435.7735913516235 2494746500
298 435.7735913516235 2505733600
299 435.7735913516235 2513729500
300 435.7735913516235 2520729400
301 435.7735913516235 2532856000
302 435.7735913516235 2540780700
303 435.7735913516235 2554856400
304 435.7735913516235 2568819300
305 435.7735913516235 2575819500
306 435.7735913516235 2582819400
307 435.7735913516235 2589819600
308 435.7735913516235 2596819100
309 435.7735913516235 2603819200
310 435.7735913516235 2610821000
311 435.7735913516235 2617820900
312 435.7735913516235 2629819200
313 435.7735913516235 2637820100
314 435.7735913516235 2645821400
315 435.7735913516235 2652821500
316 435.7735913516235 2659819100
317 435.7735913516235 2666819200
318 435.7735913516235 2677899300
319 435.7735913516235 2685907300
320 435.7735913516235 2692927600
321 435.7735913516235 2699887800
322 435.7735913516235 2708929300
323 435.7735913516235 2715941000
324 435.7735913516235 2722937500
325 435.7735913516235 2730319500
326 435.7735913516235 2737359400
327 435.7735913516235 2744400700
328 435.7735913516235 2755426600
329 435.7735913516235 2769445700
330 435.7735913516235 2776457600
331 435.7735913516235 2783488200
332 435.7735913516235 2790488900
333 435.7735913516235 2798491900
334 435.7735913516235 2805488400
335 435.7735913516235 2812488500
336 435.7735913516235 2820487800
337 435.7735913516235 2827486800
338 435.7735913516235 2835472100
339 435.7735913516235 2842472100
340 435.7735913516235 2849066900
341 435.7735913516235 2856067100
342 435.7735913516235 2870108500
343 435.7735913516235 2877067400
344 435.7735913516235 2884067400
345 435.7735913516235 2892101100
346 435.7735913516235 2903067200
347 435.7735913516235 2913106400
348 435.7735913516235 2921067200
349 435.7735913516235 2934097500
350 435.7735913516235 2948097400
351 435.7735913516235 2963064600
352 435.7735913516235 2973099500
353 435.7735913516235 2980067300
354 435.7735913516235 2987099500
355 435.7735913516235 2995067200
356 435.7735913516235 3002063700
357 435.7735913516235 3009063800
358 435.7735913516235 3017101900
359 435.7735913516235 3030097300
360 435.7735913516235 3042100800
361 435.7735913516235 3054089400
362 435.7735913516235 3061067000
363 435.7735913516235 3068063700
364 435.7735913516235 3075063600
365 435.7735913516235 3083063700
366 435.7735913516235 3090063600
367 435.7735913516235 3100064200
368 435.7735913516235 3112093200
369 435.7735913516235 3119067000
370 435.7735913516235 3127064200
371 435.7735913516235 3138064200
372 435.7735913516235 3145063600
373 435.7735913516235 3152063700
374 435.7735913516235 3159064200
375 435.7735913516235 3166063400
376 435.7735913516235 3173063600
377 435.7735913516235 3181063800
378 435.7735913516235 3188063800
379 435.7735913516235 3195063800
380 435.7735913516235 3202063900
381 435.7735913516235 3209063600
382 435.7735913516235 3216063700
383 435.7735913516235 3226100700
384 435.7735913516235 3234066800
385 435.7735913516235 3245106400
386 435.7735913516235 3259097900
387 435.7735913516235 3269064300
388 435.7735913516235 3276063800
389 435.7735913516235 3283063800
390 435.7735913516235 3290063800
391 435.7735913516235 3297063600
392 435.7735913516235 3304063600
393 435.7735913516235 3311063600
394 435.7735913516235 3318063500
395 435.7735913516235 3325063700
396 435.7735913516235 3333063600
397 435.7735913516235 3340063800
398 435.7735913516235 3347063700
399 435.7735913516235 3354063800
400 435.7735913516235 3361063700
401 435.7735913516235 3369064400
402 435.7735913516235 3376063600
403 435.7735913516235 3386063600
404 435.7735913516235 3394063900
405 435.7735913516235 3408063600
406 435.7735913516235 3421063700
407 435.7735913516235 3431063700
408 435.7735913516235 3438065700
409 435.7735913516235 3445063800
410 435.7735913516235 3452063700
411 435.7735913516235 3459063700
412 435.7735913516235 3466063500
413 435.7735913516235 3473063500
414 435.7735913516235 3481063800
415 435.7735913516235 3488063700
416 435.7735913516235 3495063700
417 435.7735913516235 3502063700
418 435.7735913516235 3513063700
419 435.7735913516235 3520065500
420 435.7735913516235 3527063600
421 435.7735913516235 3535063700
422 435.7735913516235 3542063700
423 435.7735913516235 3549063700
424 435.7735913516235 3556063700
425 435.7735913516235 3563063600
426 435.7735913516235 3570063700
427 435.7735913516235 3577063500
428 435.7735913516235 3585063800
429 435.7735913516235 3592063700
430 435.7735913516235 3599063800
431 435.7735913516235 3606065600
432 435.7735913516235 3613065600
433 435.7735913516235 3623063700
434 435.7735913516235 3632064900
435 435.7735913516235 3644064500
436 435.7735913516235 3655065100
437 435.7735913516235 3665064200
438 435.7735913516235 3678064400
439 435.7735913516235 3686063400
440 435.7735913516235 3695063300
441 435.7735913516235 3708064900
442 435.7735913516235 3721064400
443 435.7735913516235 3729064300
444 435.7735913516235 3738063800
445 435.7735913516235 3747066400
446 435.7735913516235 3757066400
447 435.7735913516235 3766064100
448 435.7735913516235 3775064800
449 435.7735913516235 3783064100
450 435.7735913516235 3794064600
451 435.7735913516235 3811064900
452 435.7735913516235 3826064700
453 435.7735913516235 3838064200
454 435.7735913516235 3850067300
455 435.7735913516235 3858066800
456 435.7735913516235 3865067000
457 435.7735913516235 3877095400
458 435.7735913516235 3884066700
459 435.7735913516235 3891066600
460 435.7735913516235 3900096300
461 435.7735913516235 3913096900
462 435.7735913516235 3920066800
463 435.7735913516235 3927066800
464 435.7735913516235 3935067000
465 435.7735913516235 3942067000
466 435.7735913516235 3954066800
467 435.7735913516235 3968065400
468 435.7735913516235 3982063200
469 435.7735913516235 3996068400
470 435.7735913516235 4010067300
471 435.7735913516235 4024068300
472 435.7735913516235 4038064100
473 435.7735913516235 4052063200
474 435.7735913516235 4062063500
475 435.7735913516235 4077064700
476 435.7735913516235 4085065300
477 435.7735913516235 4096067500
478 435.7735913516235 4105065600
479 435.7735913516235 4113065400
480 435.7735913516235 4122065600
481 435.7735913516235 4130065500
482 435.7735913516235 4141065000
483 435.7735913516235 4153063300
484 435.7735913516235 4163064900
485 435.7735913516235 4176065300
486 435.7735913516235 4186064200
487 435.7735913516235 4193066000
488 435.7735913516235 4200063800
489 435.7735913516235 4208064400
490 435.7735913516235 4215067500
491 435.7735913516235 4222066900
492 435.7735913516235 4230064600
493 435.7735913516235 4243067200
494 435.7735913516235 4258064400
495 435.7735913516235 4265066900
496 435.7735913516235 4272067200
497 435.7735913516235 4283064300
498 435.7735913516235 4291065100
499 435.7735913516235 4299067000
Best cost: 435.7735913516235
Path taken: 22 30 9 23 15 7 6 3 31 8 5 16 25 29 20 24 2 27 4 26 21 12 18 28 10 19 13 14 17 1 0 11