Problem size: large
0 1294.4871555495572 54998300
1 1294.4871555495572 96998800
2 1263.1037815446728 136998300
3 1215.9919540468325 179040700
4 1215.9919540468325 213013300
5 1215.9919540468325 249058300
6 1215.9919540468325 291665300
7 1215.9919540468325 334848500
8 1215.9919540468325 373884700
9 1215.9919540468325 411176500
10 1215.9919540468325 447179800
11 1215.9919540468325 481205100
12 1215.9919540468325 522219000
13 1215.9919540468325 555224100
14 1168.1876522526702 594223700
15 1126.3849048734871 631219300
16 1126.3849048734871 667188000
17 1126.3849048734871 704222300
18 1120.9158696535849 743195200
19 1120.9158696535849 785195600
20 1120.9158696535849 822195300
21 1120.9158696535849 857226800
22 1120.9158696535849 897194800
23 1120.9158696535849 939194600
24 1120.9158696535849 974198700
25 1120.9158696535849 1013204200
26 1120.9158696535849 1055207000
27 1120.9158696535849 1092204200
28 1120.9158696535849 1134204400
29 1120.9158696535849 1173203400
30 1120.9158696535849 1212204000
31 1120.9158696535849 1250203700
32 1120.9158696535849 1294207800
33 1098.3749247163132 1336206000
34 1098.3749247163132 1379203000
35 1098.3749247163132 1421203800
36 1098.3749247163132 1464204000
37 1098.3749247163132 1503241800
38 1098.3749247163132 1542173100
39 1098.3749247163132 1581172700
40 1056.381671360041 1621179400
41 1056.381671360041 1664179600
42 1056.381671360041 1701215800
43 1056.381671360041 1739181200
44 1056.381671360041 1781180500
45 1056.381671360041 1823179700
46 1056.381671360041 1862180100
47 1056.381671360041 1900178500
48 1056.381671360041 1937220400
49 1014.3780294676237 1974181100
50 1014.3780294676237 2013179600
51 1014.3780294676237 2069179500
52 1014.3780294676237 2107179200
53 1014.3780294676237 2142179000
54 1014.3780294676237 2183179000
55 1014.3780294676237 2221217200
56 947.7834748496359 2258180100
57 947.7834748496359 2292181100
58 947.7834748496359 2345192500
59 947.7834748496359 2386191600
60 947.7834748496359 2428190800
61 947.7834748496359 2468191200
62 947.7834748496359 2507193300
63 947.7834748496359 2544191300
64 947.7834748496359 2584191500
65 947.7834748496359 2624233000
66 947.7834748496359 2657232400
67 947.7834748496359 2691192000
68 947.7834748496359 2724206200
69 947.7834748496359 2759203500
70 947.7834748496359 2797204600
71 947.7834748496359 2837204400
72 947.7834748496359 2873237100
73 947.7834748496359 2910280900
74 947.7834748496359 2952249500
75 947.7834748496359 2991282500
76 947.7834748496359 3026259600
77 947.7834748496359 3064361300
78 947.7834748496359 3100359900
79 947.7834748496359 3134359000
80 947.7834748496359 3174360600
81 947.7834748496359 3210359400
82 947.7834748496359 3247359500
83 940.9794131912189 3284397600
84 940.9794131912189 3322403000
85 909.2886279029658 3364394000
86 909.2886279029658 3402360100
87 909.2886279029658 3443393900
88 909.2886279029658 3479358400
89 909.2886279029658 3517438500
90 909.2886279029658 3554405100
91 892.229990677848 3591441800
92 892.229990677848 3633429400
93 892.229990677848 3670435800
94 892.229990677848 3711440300
95 888.9692451426027 3745402200
96 888.9692451426027 3781402300
97 888.9692451426027 3817403100
98 888.9692451426027 3854403700
99 888.9692451426027 3889403000
100 888.9692451426027 3924415200
101 888.9692451426027 3965452500
102 888.9692451426027 4004415300
103 888.9692451426027 4042460500
104 888.9692451426027 4080415600
105 888.9692451426027 4122419000
106 888.9692451426027 4156415400
107 888.9692451426027 4189448000
108 888.9692451426027 4226418800
109 888.9692451426027 4265448100
110 888.9692451426027 4302449900
111 888.9692451426027 4337419300
112 888.9692451426027 4372417000
113 888.9692451426027 4414558000
114 888.9692451426027 4451605200
115 751.1332961371627 4486558000
116 751.1332961371627 4524592400
117 751.1332961371627 4566557500
118 751.1332961371627 4608597800
119 751.1332961371627 4644597100
120 751.1332961371627 4685599800
121 751.1332961371627 4724557900
122 751.1332961371627 4761596700
123 751.1332961371627 4797595500
124 751.1332961371627 4838592600
125 751.1332961371627 4875563000
126 751.1332961371627 4914593500
127 751.1332961371627 4955594300
128 751.1332961371627 4993602700
129 751.1332961371627 5033593900
130 751.1332961371627 5075562300
131 751.1332961371627 5113558000
132 751.1332961371627 5148561900
133 751.1332961371627 5184557700
134 751.1332961371627 5226559700
135 751.1332961371627 5263558400
136 751.1332961371627 5301559100
137 751.1332961371627 5338595400
138 751.1332961371627 5375594100
139 751.1332961371627 5411593000
140 751.1332961371627 5444596200
141 751.1332961371627 5481595000
142 751.1332961371627 5522559000
143 751.1332961371627 5565559000
144 751.1332961371627 5605600500
145 751.1332961371627 5643591700
146 751.1332961371627 5682591300
147 751.1332961371627 5721559100
148 751.1332961371627 5763558100
149 751.1332961371627 5797597300
150 751.1332961371627 5831557700
151 751.1332961371627 5888600800
152 751.1332961371627 5927598400
153 751.1332961371627 5962559800
154 751.1332961371627 5999558600
155 751.1332961371627 6035560600
156 751.1332961371627 6071558200
157 751.1332961371627 6106600700
158 751.1332961371627 6145557700
159 751.1332961371627 6182562600
160 751.1332961371627 6218559400
161 751.1332961371627 6251558200
162 751.1332961371627 6287560000
163 751.1332961371627 6328559400
164 751.1332961371627 6363558800
165 751.1332961371627 6396559700
166 751.1332961371627 6439594900
167 739.527939699598 6475562800
168 720.7241761080147 6512559400
169 720.7241761080147 6546591900
170 720.7241761080147 6582593400
171 720.7241761080147 6618594100
172 720.7241761080147 6658558800
173 720.7241761080147 6698602700
174 720.7241761080147 6735558800
175 719.6159264366121 6772561700
176 719.6159264366121 6813560500
177 719.6159264366121 6855559200
178 707.8402235012336 6897560600
179 707.8402235012336 6941559200
180 707.8402235012336 6984558700
181 707.8402235012336 7021560000
182 707.8402235012336 7055559500
183 698.4571367493273 7093559300
184 698.4571367493273 7133559500
185 698.4571367493273 7176559600
186 698.4571367493273 7216557600
187 698.4571367493273 7255558800
188 698.4571367493273 7298559300
189 698.4571367493273 7339559200
190 698.4571367493273 7381560200
191 698.4571367493273 7424559200
192 698.4571367493273 7463558600
193 698.4571367493273 7500558800
194 698.4571367493273 7539559400
195 698.4571367493273 7581559400
196 698.4571367493273 7616559400
197 698.4571367493273 7655559900
198 698.4571367493273 7697559200
199 698.4571367493273 7735558500
200 698.4571367493273 7773561800
201 698.4571367493273 7813560900
202 687.9416245452657 7850560800
203 687.9416245452657 7889557700
204 687.725359963341 7926559800
205 681.0186050883499 7960602500
206 681.0186050883499 7998559500
207 681.0186050883499 8035559100
208 681.0186050883499 8073557900
209 681.0186050883499 8113561300
210 681.0186050883499 8155559000
211 681.0186050883499 8195559000
212 681.0186050883499 8235558500
213 681.0186050883499 8274559600
214 681.0186050883499 8314559300
215 681.0186050883499 8352560000
216 681.0186050883499 8389559100
217 681.0186050883499 8423558400
218 681.0186050883499 8459559500
219 681.0186050883499 8499559500
220 681.0186050883499 8538558600
221 681.0186050883499 8577560800
222 681.0186050883499 8611560300
223 672.5490307533812 8646559800
224 672.5490307533812 8683591100
225 672.5490307533812 8724561200
226 672.5490307533812 8760560200
227 672.5490307533812 8797609600
228 672.5490307533812 8833606800
229 672.5490307533812 8867608600
230 672.5490307533812 8904607200
231 672.5490307533812 8940605900
232 672.5490307533812 8979611600
233 672.5490307533812 9014608600
234 672.5490307533812 9056607500
235 672.5490307533812 9094608800
236 672.5490307533812 9135606100
237 672.5490307533812 9172607000
238 672.5490307533812 9215665000
239 672.5490307533812 9254606300
240 672.5490307533812 9295608600
241 672.5490307533812 9338605700
242 672.5490307533812 9377607200
243 672.5490307533812 9419608200
244 672.5490307533812 9460606500
245 667.7118081480442 9501607300
246 667.7118081480442 9543606900
247 667.7118081480442 9585641100
248 660.1609545108846 9627641200
249 660.1609545108846 9665640700
250 660.1609545108846 9707639500
251 660.1609545108846 9753607000
252 657.7470606152463 9798605800
253 657.7470606152463 9834640800
254 657.7470606152463 9873607000
255 657.7470606152463 9910609000
256 657.7470606152463 9951611100
257 657.7470606152463 9994642800
258 657.7470606152463 10036641900
259 657.7470606152463 10077611100
260 644.4326226002736 10111634000
261 644.4326226002736 10147640000
262 644.4326226002736 10186641700
263 644.4326226002736 10226607000
264 644.4326226002736 10265620700
265 644.4326226002736 10303649000
266 644.4326226002736 10338606400
267 644.4326226002736 10377641100
268 644.4326226002736 10419639700
269 644.4326226002736 10462641100
270 644.4326226002736 10505607100
271 644.4326226002736 10545608900
272 644.4326226002736 10585650800
273 644.4326226002736 10620605500
274 644.4326226002736 10661641900
275 644.4326226002736 10697606300
276 644.4326226002736 10734607200
277 644.4326226002736 10771608300
278 644.4326226002736 10806607400
279 644.4326226002736 10846606400
280 644.4326226002736 10888606400
281 644.4326226002736 10929639400
282 644.4326226002736 10965642000
283 644.4326226002736 11001644700
284 644.4326226002736 11039607200
285 644.4326226002736 11074640100
286 644.4326226002736 11109607600
287 644.4326226002736 11144641800
288 644.4326226002736 11186606300
289 644.4326226002736 11225640900
290 644.4326226002736 11261648500
291 644.4326226002736 11303607700
292 644.4326226002736 11341608600
293 644.4326226002736 11384608100
294 644.4326226002736 11422605700
295 644.4326226002736 11461607000
296 644.4326226002736 11503606700
297 644.4326226002736 11540640800
298 644.3556159711391 11578643500
299 644.3556159711391 11615642100
300 644.3556159711391 11653642700
301 644.3556159711391 11691607400
302 644.3556159711391 11727608100
303 644.3556159711391 11763606900
304 644.3556159711391 11799607300
305 644.3556159711391 11836642900
306 644.3556159711391 11876607300
307 644.3556159711391 11918643100
308 644.3556159711391 11959641700
309 644.3556159711391 11997606200
310 644.3556159711391 12037642000
311 644.3556159711391 12077607500
312 644.3556159711391 12113617400
313 644.3556159711391 12156643100
314 644.3556159711391 12193605700
315 644.3556159711391 12236645200
316 644.3556159711391 12273605400
317 644.3556159711391 12307605400
318 644.3556159711391 12346606900
319 644.3556159711391 12380644200
320 644.3556159711391 12421637900
321 644.3556159711391 12459609100
322 644.3556159711391 12496605500
323 644.3556159711391 12536608900
324 644.3556159711391 12578607100
325 644.3556159711391 12615606900
326 644.3556159711391 12652641700
327 639.7363205248968 12692639000
328 639.7363205248968 12728605400
329 639.7363205248968 12771642500
330 639.7363205248968 12806605400
331 639.7363205248968 12846608100
332 639.7363205248968 12882608300
333 639.7363205248968 12917608200
334 639.7363205248968 12952608600
335 639.7363205248968 12985606000
336 639.7363205248968 13020608200
337 639.7363205248968 13058640100
338 639.7363205248968 13097606900
339 639.7363205248968 13134606100
340 639.7363205248968 13174607900
341 639.7363205248968 13210640400
342 639.7363205248968 13248644200
343 639.7363205248968 13290642400
344 639.7363205248968 13331607800
345 639.7363205248968 13367608500
346 639.7363205248968 13405605500
347 639.7363205248968 13442605500
348 639.7363205248968 13483609200
349 639.7363205248968 13521640200
350 639.7363205248968 13559642600
351 639.7363205248968 13615641000
352 639.7363205248968 13650607100
353 639.7363205248968 13688607300
354 639.7363205248968 13724607500
355 639.7363205248968 13767607300
356 639.7363205248968 13803606900
357 639.7363205248968 13842128000
358 639.7363205248968 13880125600
359 639.7363205248968 13914640000
360 639.7363205248968 13948636400
361 639.7363205248968 13989637900
362 639.7363205248968 14026637900
363 639.7363205248968 14058637100
364 639.7363205248968 14092636800
365 639.7363205248968 14127636200
366 639.7363205248968 14165638300
367 639.7363205248968 14200637900
368 639.7363205248968 14234636200
369 639.7363205248968 14277637400
370 639.7363205248968 14315638300
371 639.7363205248968 14354636600
372 639.7363205248968 14393637000
373 639.7363205248968 14434674900
374 639.7363205248968 14472683000
375 639.7363205248968 14505673600
376 639.7363205248968 14542638100
377 639.7363205248968 14582636100
378 639.7363205248968 14616674000
379 639.7363205248968 14658638600
380 639.7363205248968 14699673800
381 639.7363205248968 14733638200
382 639.7363205248968 14768673500
383 639.7363205248968 14810636300
384 639.7363205248968 14843637700
385 639.7363205248968 14884678400
386 639.7363205248968 14921645200
387 639.7363205248968 14955673700
388 639.7363205248968 14989636900
389 639.7363205248968 15023676000
390 639.7363205248968 15061637100
391 639.7363205248968 15103640700
392 639.7363205248968 15139639800
393 639.7363205248968 15173654800
394 639.7363205248968 15209679500
395 639.7363205248968 15245672300
396 639.7363205248968 15281683200
397 639.7363205248968 15320636700
398 639.7363205248968 15354637800
399 639.7363205248968 15395640500
400 639.7363205248968 15435659600
401 639.7363205248968 15472671300
402 639.7363205248968 15507638100
403 639.7363205248968 15546638000
404 639.7363205248968 15582636900
405 639.7363205248968 15618639000
406 639.7363205248968 15652637300
407 639.7363205248968 15690637600
408 639.7363205248968 15730637100
409 639.7363205248968 15767681500
410 633.8558231727851 15809636100
411 633.8558231727851 15847636100
412 633.8558231727851 15890674300
413 633.8558231727851 15929636700
414 633.8558231727851 15965640200
415 633.8558231727851 16003638100
416 633.8558231727851 16046642000
417 633.8558231727851 16087636700
418 633.8558231727851 16121639500
419 633.8558231727851 16157637900
420 633.8558231727851 16195638700
421 633.8558231727851 16238639800
422 633.8558231727851 16274637700
423 633.8558231727851 16315640800
424 633.8558231727851 16352672900
425 633.8558231727851 16394673000
426 633.8558231727851 16428639800
427 633.8558231727851 16470638700
428 633.8558231727851 16506675600
429 633.8558231727851 16545673400
430 633.8558231727851 16580677100
431 633.8558231727851 16617673300
432 633.8558231727851 16649674100
433 633.8558231727851 16692637900
434 633.8558231727851 16729673500
435 633.8558231727851 16768637100
436 633.8558231727851 16804674700
437 633.8558231727851 16840639800
438 633.8558231727851 16877640700
439 633.8558231727851 16911672900
440 633.8558231727851 16947640000
441 633.8558231727851 16981670400
442 633.8558231727851 17017672300
443 633.8558231727851 17050636200
444 633.8558231727851 17090637200
445 633.8558231727851 17132637000
446 633.8558231727851 17174637300
447 633.8558231727851 17210637400
448 633.8558231727851 17252637400
449 633.8558231727851 17286636700
450 633.8558231727851 17322677500
451 633.8558231727851 17381637000
452 633.8558231727851 17420636300
453 633.8558231727851 17459637800
454 633.8558231727851 17498637200
455 633.8558231727851 17535637100
456 633.625460470227 17567674000
457 633.625460470227 17602637700
458 633.625460470227 17637638700
459 633.625460470227 17673636900
460 633.625460470227 17708672000
461 633.625460470227 17745671400
462 633.625460470227 17783641100
463 633.625460470227 17818673700
464 633.625460470227 17852636200
465 633.625460470227 17887638600
466 633.625460470227 17921639800
467 633.625460470227 17957672500
468 633.625460470227 18000679200
469 633.625460470227 18042674200
470 633.625460470227 18076636200
471 633.625460470227 18113639200
472 633.625460470227 18156640000
473 633.625460470227 18196673100
474 633.625460470227 18234674200
475 633.625460470227 18269680600
476 633.625460470227 18305674800
477 633.625460470227 18344637700
478 633.625460470227 18382673300
479 633.625460470227 18423641300
480 633.625460470227 18459637400
481 633.625460470227 18493639000
482 633.625460470227 18526636500
483 633.625460470227 18560638000
484 633.625460470227 18601637000
485 633.625460470227 18642639000
486 633.625460470227 18679679300
487 633.625460470227 18717674100
488 633.625460470227 18755636900
489 633.625460470227 18791674400
490 633.625460470227 18830637100
491 633.625460470227 18865639200
492 633.625460470227 18904152900
493 633.625460470227 18938152400
494 633.625460470227 18972153200
495 633.625460470227 19008152700
496 633.625460470227 19044185300
497 633.625460470227 19084152700
498 633.625460470227 19126151100
499 633.625460470227 19159153300
Best cost: 633.625460470227
Path taken: 35 49 23 43 12 53 17 57 59 4 44 13 39 46 37 55 50 41 11 38 30 42 36 18 48 31 56 8 63 29 6 24 51 9 62 10 26 34 45 21 15 27 52 3 20 2 19 32 54 33 1 60 16 58 40 14 25 22 5 7 28 61 0 47