Problem size: small
0 459.0084385785178 13999000
1 421.2447952355466 16998900
2 421.2447952355466 19999100
3 421.2447952355466 22999700
4 421.2447952355466 27004700
5 401.4992279388566 33000800
6 401.4992279388566 37001700
7 401.4992279388566 42000300
8 380.5949548662275 46999400
9 380.5949548662275 50000100
10 380.5949548662275 54012700
11 380.5949548662275 56999600
12 363.25163469298633 60001700
13 363.25163469298633 64003100
14 363.25163469298633 67002500
15 363.25163469298633 70001100
16 360.8427144270863 72999200
17 360.8427144270863 74999100
18 360.8427144270863 77999200
19 360.8427144270863 80999200
20 360.8427144270863 83999000
21 360.8427144270863 86999000
22 360.8427144270863 88999100
23 360.8427144270863 91999000
24 360.8427144270863 94999300
25 360.8427144270863 96999500
26 360.8427144270863 99999000
27 360.8427144270863 102999100
28 360.8427144270863 105999100
29 360.8427144270863 107999100
30 329.99233528433416 110999000
31 329.99233528433416 113999100
32 329.99233528433416 115999100
33 329.99233528433416 118999100
34 329.99233528433416 121999200
35 329.99233528433416 124999000
36 329.99233528433416 126999100
37 329.99233528433416 129999000
38 329.99233528433416 132999000
39 329.99233528433416 134999100
40 329.99233528433416 137999200
41 329.99233528433416 140999000
42 329.99233528433416 144002000
43 329.99233528433416 146000900
44 329.99233528433416 149000800
45 329.99233528433416 151000800
46 329.99233528433416 154001000
47 300.58166094484324 157000800
48 300.58166094484324 159000900
49 300.58166094484324 162000900
50 300.58166094484324 165001300
51 300.58166094484324 167001200
52 300.58166094484324 170001500
53 300.58166094484324 173002100
54 300.58166094484324 176002000
55 300.58166094484324 180002900
56 300.58166094484324 184002100
57 300.58166094484324 187001300
58 300.58166094484324 191612900
59 300.23958649677684 196604600
60 300.23958649677684 201604800
61 300.23958649677684 205606500
62 300.23958649677684 210604700
63 300.23958649677684 214606900
64 300.23958649677684 219604200
65 300.23958649677684 222607200
66 300.23958649677684 225603300
67 300.23958649677684 228603300
68 279.30406955470073 231604600
69 279.30406955470073 233603300
70 279.30406955470073 236603400
71 279.30406955470073 239603400
72 279.30406955470073 242603500
73 279.30406955470073 244603400
74 279.30406955470073 247603300
75 279.30406955470073 250603400
76 279.30406955470073 252603400
77 279.30406955470073 255603300
78 279.30406955470073 258603300
79 279.30406955470073 260603200
80 279.30406955470073 263603200
81 279.30406955470073 266603400
82 279.30406955470073 268603300
83 279.30406955470073 271603300
84 279.30406955470073 274603300
85 279.30406955470073 276603300
86 279.30406955470073 279603200
87 279.30406955470073 282603400
88 279.30406955470073 284603200
89 279.30406955470073 287603200
90 279.30406955470073 290603300
91 279.30406955470073 292603200
92 279.30406955470073 295603300
93 279.30406955470073 298603200
94 279.30406955470073 300605800
95 279.30406955470073 303603200
96 279.30406955470073 306603300
97 279.30406955470073 308603300
98 279.30406955470073 311603300
99 279.30406955470073 314603300
100 279.30406955470073 316604200
101 279.30406955470073 319603300
102 279.30406955470073 322603500
103 279.30406955470073 325603800
104 279.30406955470073 328603700
105 279.30406955470073 331606900
106 279.30406955470073 334603900
107 279.30406955470073 337603500
108 279.30406955470073 340603300
109 279.30406955470073 343604100
110 279.30406955470073 346603700
111 279.30406955470073 349604500
112 279.30406955470073 352603200
113 279.30406955470073 355603300
114 279.30406955470073 358603200
115 279.30406955470073 360603200
116 279.30406955470073 363603800
117 279.30406955470073 366603300
118 279.30406955470073 368603300
119 279.30406955470073 371603300
120 279.30406955470073 374603400
121 279.30406955470073 376603300
122 279.30406955470073 379603800
123 279.30406955470073 382603500
124 279.30406955470073 384603200
125 279.30406955470073 387603300
126 279.30406955470073 390603400
127 279.30406955470073 392603300
128 279.30406955470073 395603500
129 279.30406955470073 398603400
130 279.30406955470073 400603300
131 279.30406955470073 403603300
132 279.30406955470073 405603300
133 279.30406955470073 408603400
134 279.30406955470073 411604200
135 279.30406955470073 414603300
136 279.30406955470073 416603200
137 279.30406955470073 419603200
138 279.30406955470073 421603300
139 279.30406955470073 424603300
140 279.30406955470073 427603700
141 279.30406955470073 430603600
142 279.30406955470073 432603300
143 279.30406955470073 435603300
144 279.30406955470073 438603400
145 279.30406955470073 440603200
146 279.30406955470073 443603800
147 279.30406955470073 446603400
148 279.30406955470073 448603300
149 279.30406955470073 451603200
150 279.30406955470073 454603300
151 279.30406955470073 456603300
152 279.30406955470073 459603700
153 279.30406955470073 462603300
154 279.30406955470073 465603900
155 279.30406955470073 468603400
156 279.30406955470073 471603400
157 279.30406955470073 474935200
158 279.30406955470073 477606300
159 279.30406955470073 480606200
160 279.30406955470073 483605000
161 279.30406955470073 486603300
162 279.30406955470073 489603400
163 279.30406955470073 493606200
164 279.30406955470073 496604800
165 279.30406955470073 499603300
166 279.30406955470073 501603600
167 279.30406955470073 504603400
168 279.30406955470073 507603500
169 279.30406955470073 510603300
170 279.30406955470073 513603600
171 279.30406955470073 515603500
172 279.30406955470073 518603200
173 279.30406955470073 521603300
174 279.30406955470073 524603800
175 279.30406955470073 526603300
176 279.30406955470073 529603300
177 279.30406955470073 532603200
178 279.30406955470073 534603400
179 279.30406955470073 537603400
180 279.30406955470073 540603600
181 279.30406955470073 542603300
182 279.30406955470073 545603200
183 279.30406955470073 548603500
184 279.30406955470073 550603300
185 279.30406955470073 553603300
186 279.30406955470073 556603700
187 279.30406955470073 558603300
188 279.30406955470073 561603300
189 279.30406955470073 564603500
190 279.30406955470073 566603400
191 279.30406955470073 569603200
192 279.30406955470073 573604900
193 279.30406955470073 576604900
194 279.30406955470073 578604400
195 279.30406955470073 581603400
196 279.30406955470073 584604400
197 279.30406955470073 588604800
198 279.30406955470073 594604100
199 279.30406955470073 596603500
200 279.30406955470073 599603400
201 279.30406955470073 602603400
202 279.30406955470073 605604000
203 279.30406955470073 608603300
204 279.30406955470073 612604200
205 279.30406955470073 615607500
206 279.30406955470073 618603400
207 279.30406955470073 621603400
208 279.30406955470073 624605900
209 279.30406955470073 627603900
210 279.30406955470073 630603300
211 279.30406955470073 633603400
212 279.30406955470073 636603700
213 279.30406955470073 639604000
214 279.30406955470073 642603700
215 279.30406955470073 644603400
216 279.30406955470073 647603300
217 279.30406955470073 650603500
218 279.30406955470073 652603400
219 279.30406955470073 655603300
220 279.30406955470073 658603800
221 279.30406955470073 660603200
222 279.30406955470073 663608700
223 279.30406955470073 666603800
224 279.30406955470073 668603400
225 279.30406955470073 671603200
226 279.30406955470073 673603300
227 279.30406955470073 676603300
228 279.30406955470073 679603300
229 279.30406955470073 682606100
230 279.30406955470073 687603400
231 279.30406955470073 691603300
232 279.30406955470073 693603300
233 279.30406955470073 696603200
234 279.30406955470073 699603300
235 279.30406955470073 701603300
236 279.30406955470073 704603300
237 279.30406955470073 707603300
238 279.30406955470073 709603400
239 279.30406955470073 712603300
240 279.30406955470073 715603400
241 279.30406955470073 717603300
242 279.30406955470073 720603300
243 279.30406955470073 723603400
244 279.30406955470073 725603300
245 279.30406955470073 728603300
246 279.30406955470073 730603300
247 279.30406955470073 733603300
248 279.30406955470073 736603300
249 279.30406955470073 738603300
250 279.30406955470073 741603400
251 279.30406955470073 744603200
252 279.30406955470073 747604300
253 279.30406955470073 750603700
254 279.30406955470073 756605300
255 279.30406955470073 761605100
256 279.30406955470073 765605300
257 279.30406955470073 770605700
258 279.30406955470073 774606600
259 279.30406955470073 778603400
260 279.30406955470073 782610800
261 279.30406955470073 785604700
262 279.30406955470073 790604800
263 279.30406955470073 793604800
264 279.30406955470073 796603400
265 279.30406955470073 799602700
266 279.30406955470073 802604400
267 279.30406955470073 805603300
268 279.30406955470073 807603200
269 279.30406955470073 810605400
270 279.30406955470073 813605200
271 279.30406955470073 816605700
272 279.30406955470073 818605300
273 279.30406955470073 821605000
274 279.30406955470073 824605600
275 279.30406955470073 826605300
276 279.30406955470073 829605200
277 279.30406955470073 832605500
278 279.30406955470073 835605600
279 279.30406955470073 837605200
280 279.30406955470073 840605200
281 279.30406955470073 843605100
282 279.30406955470073 845605200
283 279.30406955470073 848605200
284 279.30406955470073 851605500
285 279.30406955470073 853605200
286 279.30406955470073 856606600
287 279.30406955470073 859607000
288 279.30406955470073 861606800
289 279.30406955470073 864606600
290 279.30406955470073 866606500
291 279.30406955470073 869606500
292 279.30406955470073 872606700
293 279.30406955470073 874603700
294 279.30406955470073 877603400
295 279.30406955470073 880603400
296 279.30406955470073 882603500
297 279.30406955470073 885603500
298 279.30406955470073 888603400
299 279.30406955470073 890603500
300 279.30406955470073 893603500
301 279.30406955470073 896603400
302 279.30406955470073 899609900
303 279.30406955470073 902611300
304 279.30406955470073 907605000
305 279.30406955470073 910605900
306 279.30406955470073 913605300
307 279.30406955470073 916605300
308 279.30406955470073 919608700
309 279.30406955470073 922603500
310 279.30406955470073 925603300
311 279.30406955470073 928603100
312 279.30406955470073 931603700
313 279.30406955470073 934603400
314 279.30406955470073 937604800
315 279.30406955470073 942604000
316 279.30406955470073 945603200
317 279.30406955470073 947603400
318 279.30406955470073 950603200
319 279.30406955470073 953603500
320 279.30406955470073 955603400
321 279.30406955470073 958603400
322 279.30406955470073 961603200
323 279.30406955470073 963603300
324 279.30406955470073 966603200
325 279.30406955470073 969603500
326 279.30406955470073 972603400
327 279.30406955470073 974603300
328 279.30406955470073 977603300
329 279.30406955470073 979603300
330 279.30406955470073 982603400
331 279.30406955470073 985603400
332 279.30406955470073 987603300
333 279.30406955470073 990603300
334 279.30406955470073 993603300
335 279.30406955470073 995603300
336 279.30406955470073 998603300
337 279.30406955470073 1001603300
338 279.30406955470073 1003603300
339 279.30406955470073 1006603300
340 279.30406955470073 1009603300
341 279.30406955470073 1011603300
342 279.30406955470073 1014603200
343 279.30406955470073 1017603400
344 279.30406955470073 1019603200
345 279.30406955470073 1022603200
346 279.30406955470073 1024603300
347 279.30406955470073 1027603300
348 279.30406955470073 1030603300
349 279.30406955470073 1032605500
350 279.30406955470073 1035605000
351 279.30406955470073 1038605100
352 279.30406955470073 1041606700
353 279.30406955470073 1044605700
354 279.30406955470073 1047604600
355 279.30406955470073 1050607100
356 279.30406955470073 1053605100
357 279.30406955470073 1056604700
358 279.30406955470073 1059603300
359 279.30406955470073 1062603900
360 279.30406955470073 1065606000
361 279.30406955470073 1068604700
362 279.30406955470073 1071603400
363 279.30406955470073 1073603200
364 279.30406955470073 1076603200
365 279.30406955470073 1079606300
366 279.30406955470073 1082606300
367 279.30406955470073 1085604500
368 279.30406955470073 1088605200
369 279.30406955470073 1090611700
370 279.30406955470073 1094605100
371 279.30406955470073 1096603400
372 279.30406955470073 1099615100
373 279.30406955470073 1103604500
374 279.30406955470073 1106603900
375 279.30406955470073 1109603900
376 279.30406955470073 1111603600
377 279.30406955470073 1114603400
378 279.30406955470073 1117607200
379 279.30406955470073 1120603900
380 279.30406955470073 1123604000
381 279.30406955470073 1127604700
382 279.30406955470073 1132604800
383 279.30406955470073 1136606900
384 279.30406955470073 1140605700
385 279.30406955470073 1144605600
386 279.30406955470073 1147603600
387 279.30406955470073 1150605700
388 279.30406955470073 1156605100
389 279.30406955470073 1159605500
390 279.30406955470073 1162605800
391 279.30406955470073 1164605400
392 279.30406955470073 1167605600
393 279.30406955470073 1170605300
394 279.30406955470073 1173606300
395 279.30406955470073 1176605900
396 279.30406955470073 1180605700
397 279.30406955470073 1184604300
398 279.30406955470073 1187604100
399 279.30406955470073 1190604300
400 279.30406955470073 1193604100
401 279.30406955470073 1197604400
402 279.30406955470073 1202638600
403 279.30406955470073 1205605900
404 279.30406955470073 1208604200
405 279.30406955470073 1211607900
406 279.30406955470073 1215607800
407 279.30406955470073 1218604300
408 279.30406955470073 1221605900
409 279.30406955470073 1224605200
410 279.30406955470073 1227603800
411 279.30406955470073 1230604000
412 279.30406955470073 1233603700
413 279.30406955470073 1236607300
414 279.30406955470073 1240605100
415 279.30406955470073 1246605600
416 279.30406955470073 1252606000
417 279.30406955470073 1258605600
418 279.30406955470073 1264607100
419 279.30406955470073 1267605500
420 279.30406955470073 1270603700
421 279.30406955470073 1275608400
422 279.30406955470073 1279605300
423 279.30406955470073 1282603800
424 279.30406955470073 1285605800
425 279.30406955470073 1288606100
426 279.30406955470073 1291606500
427 279.30406955470073 1294605800
428 279.30406955470073 1297605600
429 279.30406955470073 1301603900
430 279.30406955470073 1304608600
431 279.30406955470073 1307604200
432 279.30406955470073 1309605400
433 279.30406955470073 1313603700
434 279.30406955470073 1316604200
435 279.30406955470073 1319604400
436 279.30406955470073 1322605300
437 279.30406955470073 1325603900
438 279.30406955470073 1328603800
439 279.30406955470073 1331607400
440 279.30406955470073 1334603600
441 279.30406955470073 1337606000
442 279.30406955470073 1340607200
443 279.30406955470073 1344617300
444 279.30406955470073 1347605000
445 279.30406955470073 1350603500
446 279.30406955470073 1353603600
447 279.30406955470073 1356603600
448 279.30406955470073 1359603500
449 279.30406955470073 1362603900
450 279.30406955470073 1364603500
451 279.30406955470073 1367603800
452 279.30406955470073 1370604100
453 279.30406955470073 1374606700
454 279.30406955470073 1379605300
455 279.30406955470073 1384604400
456 279.30406955470073 1388604800
457 279.30406955470073 1391612400
458 279.30406955470073 1394604200
459 279.30406955470073 1398604400
460 279.30406955470073 1401604300
461 279.30406955470073 1404603600
462 279.30406955470073 1408603500
463 279.30406955470073 1411603500
464 279.30406955470073 1414603400
465 279.30406955470073 1416603200
466 279.30406955470073 1419603300
467 279.30406955470073 1422603400
468 279.30406955470073 1425603300
469 279.30406955470073 1427603400
470 279.30406955470073 1430603400
471 279.30406955470073 1433603400
472 279.30406955470073 1436603400
473 279.30406955470073 1439603500
474 279.30406955470073 1444603700
475 279.30406955470073 1448604500
476 279.30406955470073 1450603400
477 279.30406955470073 1454605300
478 279.30406955470073 1459604000
479 279.30406955470073 1464604000
480 279.30406955470073 1469604700
481 279.30406955470073 1472603400
482 279.30406955470073 1475603300
483 279.30406955470073 1477603400
484 279.30406955470073 1480603300
485 279.30406955470073 1483603300
486 279.30406955470073 1485606200
487 279.30406955470073 1488605400
488 279.30406955470073 1491605500
489 279.30406955470073 1494605600
490 279.30406955470073 1496605200
491 279.30406955470073 1499605200
492 279.30406955470073 1502605800
493 279.30406955470073 1504605100
494 279.30406955470073 1507605200
495 279.30406955470073 1510605500
496 279.30406955470073 1512605200
497 279.30406955470073 1515605100
498 279.30406955470073 1518606000
499 279.30406955470073 1520606200
Best cost: 279.30406955470073
Path taken: 2 0 11 6 3 14 1 5 9 10 15 8 13 7 12 4