Problem size: small
0 332.94952089052566 20999400
1 332.94952089052566 27003600
2 332.94952089052566 33000200
3 332.94952089052566 38999600
4 332.94952089052566 45000200
5 332.94952089052566 52000000
6 332.94952089052566 57999700
7 332.94952089052566 65001000
8 332.94952089052566 69999400
9 332.94952089052566 75999500
10 332.94952089052566 81999500
11 332.94952089052566 88001200
12 332.94952089052566 92999500
13 332.94952089052566 99000800
14 332.94952089052566 103999500
15 332.94952089052566 110000600
16 332.94952089052566 114999300
17 332.94952089052566 120999400
18 332.94952089052566 126999500
19 332.94952089052566 135999500
20 332.94952089052566 141999500
21 332.94952089052566 146999400
22 332.94952089052566 151999400
23 332.94952089052566 156999400
24 332.94952089052566 162999500
25 332.94952089052566 167999300
26 332.94952089052566 172999400
27 332.94952089052566 177999400
28 332.94952089052566 182999400
29 332.94952089052566 188999400
30 331.2535228203136 193999500
31 331.2535228203136 198999400
32 331.2535228203136 203999300
33 331.2535228203136 208999300
34 331.2535228203136 213999300
35 331.2535228203136 218999300
36 331.2535228203136 224999500
37 331.2535228203136 229999500
38 331.2535228203136 234999200
39 329.58737646592874 239999400
40 329.58737646592874 244999300
41 329.58737646592874 249999400
42 329.58737646592874 255001200
43 329.58737646592874 260999300
44 329.58737646592874 265999500
45 329.58737646592874 276000000
46 329.58737646592874 286000400
47 329.58737646592874 295999900
48 325.4514046903439 302001300
49 325.4514046903439 306999500
50 325.4514046903439 311999400
51 301.0426168255117 318000900
52 301.0426168255117 325000600
53 301.0426168255117 330999600
54 301.0426168255117 335999400
55 301.0426168255117 342000400
56 301.0426168255117 347999500
57 301.0426168255117 353999700
58 301.0426168255117 360000900
59 301.0426168255117 364999500
60 301.0426168255117 371000900
61 297.6651639446689 375999400
62 297.6651639446689 385002600
63 297.6651639446689 390001300
64 297.6651639446689 394999900
65 297.6651639446689 399999400
66 297.6651639446689 404999500
67 297.6651639446689 411999400
68 297.6651639446689 416999200
69 297.6651639446689 422999400
70 291.0130118403706 427999600
71 291.0130118403706 432999400
72 291.0130118403706 439000600
73 291.0130118403706 443999400
74 279.3040695547008 448999500
75 279.3040695547008 453999400
76 279.3040695547008 459002100
77 279.3040695547008 465000800
78 279.3040695547008 469999500
79 279.3040695547008 475999600
80 279.3040695547008 480999500
81 279.3040695547008 485999500
82 279.3040695547008 491999600
83 279.3040695547008 496999400
84 279.3040695547008 501999600
85 279.3040695547008 506999500
86 279.3040695547008 513000100
87 279.3040695547008 517999400
88 279.3040695547008 523004600
89 279.3040695547008 527999400
90 279.3040695547008 532999400
91 279.3040695547008 538999300
92 279.3040695547008 543999400
93 279.3040695547008 548999200
94 279.3040695547008 553999500
95 279.3040695547008 558999400
96 279.3040695547008 564999500
97 279.3040695547008 569999700
98 279.3040695547008 574999400
99 279.3040695547008 579999400
100 279.3040695547008 586000200
101 279.3040695547008 591999900
102 279.3040695547008 596999900
103 279.3040695547008 604000600
104 279.3040695547008 610000400
105 279.3040695547008 616002800
106 279.3040695547008 622534900
107 279.3040695547008 628519700
108 279.30406955470073 635520800
109 279.30406955470073 641519900
110 279.30406955470073 646520600
111 279.30406955470073 652520300
112 279.30406955470073 657519200
113 279.30406955470073 664522600
114 279.30406955470073 671519800
115 279.30406955470073 676519500
116 279.30406955470073 682519500
117 279.30406955470073 687519200
118 279.30406955470073 693519200
119 279.30406955470073 698519800
120 279.30406955470073 703519800
121 279.30406955470073 709520300
122 279.30406955470073 714519400
123 279.30406955470073 721519400
124 279.30406955470073 726520600
125 279.30406955470073 732520000
126 279.30406955470073 737520500
127 279.30406955470073 742520400
128 279.30406955470073 748519600
129 279.30406955470073 753519700
130 279.30406955470073 758518600
131 279.30406955470073 764520100
132 279.30406955470073 769519700
133 279.30406955470073 776520100
134 279.30406955470073 782521400
135 279.30406955470073 788523500
136 279.30406955470073 793521500
137 279.30406955470073 799521400
138 279.30406955470073 805524000
139 279.30406955470073 810522900
140 279.30406955470073 815524200
141 279.30406955470073 823521400
142 279.30406955470073 829520000
143 279.30406955470073 838520700
144 279.30406955470073 844521400
145 279.30406955470073 850520800
146 279.30406955470073 855519600
147 279.30406955470073 861519400
148 279.30406955470073 868520500
149 279.30406955470073 874520000
150 279.30406955470073 879519200
151 279.30406955470073 886546400
152 279.30406955470073 896521900
153 279.30406955470073 903520800
154 279.30406955470073 912527000
155 279.30406955470073 918521400
156 279.30406955470073 924519100
157 279.30406955470073 930519700
158 279.30406955470073 935519100
159 279.30406955470073 940519100
160 279.30406955470073 945519100
161 279.30406955470073 951519500
162 279.30406955470073 956519000
163 279.30406955470073 961519300
164 279.30406955470073 966519100
165 279.30406955470073 971519000
166 279.30406955470073 977519200
167 279.30406955470073 982520000
168 279.30406955470073 988519400
169 279.30406955470073 993519200
170 279.30406955470073 998519200
171 279.30406955470073 1003519100
172 279.30406955470073 1011519200
173 279.30406955470073 1016519400
174 279.30406955470073 1022073100
175 279.30406955470073 1027029600
176 279.30406955470073 1032029600
177 279.30406955470073 1038030000
178 279.30406955470073 1043029600
179 279.30406955470073 1048029500
180 279.30406955470073 1053030200
181 279.30406955470073 1058029500
182 279.30406955470073 1064029900
183 279.30406955470073 1069029900
184 279.30406955470073 1074029400
185 279.30406955470073 1079029400
186 279.30406955470073 1084029500
187 279.30406955470073 1090030000
188 279.30406955470073 1095029400
189 279.30406955470073 1100029500
190 279.30406955470073 1105030300
191 279.30406955470073 1111031000
192 279.30406955470073 1116029600
193 279.30406955470073 1122029700
194 279.30406955470073 1128031100
195 279.30406955470073 1133035500
196 279.30406955470073 1139030600
197 279.30406955470073 1145030000
198 279.30406955470073 1150030100
199 279.30406955470073 1156031200
200 279.30406955470073 1161029900
201 279.30406955470073 1168031200
202 279.30406955470073 1175030100
203 279.30406955470073 1181030700
204 279.30406955470073 1187029800
205 279.30406955470073 1192030200
206 279.30406955470073 1198030900
207 279.30406955470073 1203029700
208 279.30406955470073 1209030100
209 279.30406955470073 1214029600
210 279.30406955470073 1219029900
211 279.30406955470073 1225029600
212 279.30406955470073 1230031400
213 279.30406955470073 1235031400
214 279.30406955470073 1240029500
215 279.30406955470073 1246029500
216 279.30406955470073 1251029500
217 279.30406955470073 1256029500
218 279.30406955470073 1261029400
219 279.30406955470073 1266029400
220 279.30406955470073 1271029600
221 279.30406955470073 1276029600
222 279.30406955470073 1281029500
223 279.30406955470073 1286029400
224 279.30406955470073 1291030000
225 279.30406955470073 1296029600
226 279.30406955470073 1301029800
227 279.30406955470073 1306029800
228 279.30406955470073 1310029500
229 279.30406955470073 1315029400
230 279.30406955470073 1320029400
231 279.30406955470073 1328029900
232 279.30406955470073 1333030000
233 279.30406955470073 1338029900
234 279.30406955470073 1343029600
235 279.30406955470073 1348029500
236 279.30406955470073 1354029800
237 279.30406955470073 1359029600
238 279.30406955470073 1364029400
239 279.30406955470073 1369030100
240 279.30406955470073 1374029500
241 279.30406955470073 1379029500
242 279.30406955470073 1385031200
243 279.30406955470073 1394029800
244 279.30406955470073 1399029600
245 279.30406955470073 1404031400
246 279.30406955470073 1409031400
247 279.30406955470073 1414031200
248 279.30406955470073 1424030700
249 279.30406955470073 1434030700
250 279.30406955470073 1439029800
251 279.30406955470073 1444029700
252 279.30406955470073 1450033400
253 279.30406955470073 1455031400
254 279.30406955470073 1462029800
255 279.30406955470073 1472030600
256 279.30406955470073 1478029600
257 279.30406955470073 1483031400
258 279.30406955470073 1488031200
259 279.30406955470073 1493031300
260 279.30406955470073 1499033900
261 279.30406955470073 1504033100
262 279.30406955470073 1509033000
263 279.30406955470073 1514033100
264 279.30406955470073 1519033000
265 279.30406955470073 1524033000
266 279.30406955470073 1529032800
267 279.30406955470073 1534032700
268 279.30406955470073 1539032700
269 279.30406955470073 1544032900
270 279.30406955470073 1549032700
271 279.30406955470073 1554032700
272 279.30406955470073 1559033200
273 279.30406955470073 1564032700
274 279.30406955470073 1569032600
275 279.30406955470073 1574032700
276 279.30406955470073 1579032800
277 279.30406955470073 1584032600
278 279.30406955470073 1589032600
279 279.30406955470073 1594032600
280 279.30406955470073 1599032700
281 279.30406955470073 1604032600
282 279.30406955470073 1609032600
283 279.30406955470073 1614032700
284 279.30406955470073 1619032700
285 279.30406955470073 1627040000
286 279.30406955470073 1632029700
287 279.30406955470073 1637029600
288 279.30406955470073 1642033000
289 279.30406955470073 1647032600
290 279.30406955470073 1652032900
291 279.30406955470073 1657032700
292 279.30406955470073 1662032700
293 279.30406955470073 1667032700
294 279.30406955470073 1672033600
295 279.30406955470073 1677032600
296 279.30406955470073 1682032800
297 279.30406955470073 1687034000
298 279.30406955470073 1692033300
299 279.30406955470073 1697032600
300 279.30406955470073 1703033400
301 279.30406955470073 1708032800
302 279.30406955470073 1713033000
303 279.30406955470073 1718033500
304 279.30406955470073 1724029500
305 279.30406955470073 1729030300
306 279.30406955470073 1735030100
307 279.30406955470073 1740030100
308 279.30406955470073 1746029600
309 279.30406955470073 1751029600
310 279.30406955470073 1756029600
311 279.30406955470073 1761029600
312 279.30406955470073 1766029700
313 279.30406955470073 1771029600
314 279.30406955470073 1776029700
315 279.30406955470073 1782029600
316 279.30406955470073 1787029500
317 279.30406955470073 1792029600
318 279.30406955470073 1797029800
319 279.30406955470073 1802029500
320 279.30406955470073 1807029600
321 279.30406955470073 1812029800
322 279.30406955470073 1817029800
323 279.30406955470073 1822029800
324 279.30406955470073 1828029900
325 279.30406955470073 1833029600
326 279.30406955470073 1838029400
327 279.30406955470073 1843029500
328 279.30406955470073 1848029500
329 279.30406955470073 1853029500
330 279.30406955470073 1858029400
331 279.30406955470073 1863029500
332 279.30406955470073 1868029600
333 279.30406955470073 1873029600
334 279.30406955470073 1879029800
335 279.30406955470073 1883029400
336 279.30406955470073 1888029500
337 279.30406955470073 1893029900
338 279.30406955470073 1898029400
339 279.30406955470073 1903029400
340 279.30406955470073 1908029700
341 279.30406955470073 1913029400
342 279.30406955470073 1918029500
343 279.30406955470073 1923029400
344 279.30406955470073 1928029500
345 279.30406955470073 1933029500
346 279.30406955470073 1938029500
347 279.30406955470073 1943032300
348 279.30406955470073 1948032200
349 279.30406955470073 1953032200
350 279.30406955470073 1958032000
351 279.30406955470073 1964034900
352 279.30406955470073 1970034400
353 279.30406955470073 1975032800
354 279.30406955470073 1981039000
355 279.30406955470073 1987033400
356 279.30406955470073 1992033300
357 279.30406955470073 1997032900
358 279.30406955470073 2002033300
359 279.30406955470073 2007032900
360 279.30406955470073 2012033000
361 279.30406955470073 2018032700
362 279.30406955470073 2023032600
363 279.30406955470073 2028032600
364 279.30406955470073 2033033200
365 279.30406955470073 2038032600
366 279.30406955470073 2043032500
367 279.30406955470073 2048032600
368 279.30406955470073 2053032500
369 279.30406955470073 2058032800
370 279.30406955470073 2063032500
371 279.30406955470073 2068029700
372 279.30406955470073 2073029700
373 279.30406955470073 2078029600
374 279.30406955470073 2083032500
375 279.30406955470073 2088032500
376 279.30406955470073 2093032400
377 279.30406955470073 2098032700
378 279.30406955470073 2103032500
379 279.30406955470073 2108032600
380 279.30406955470073 2113033200
381 279.30406955470073 2118033100
382 279.30406955470073 2123033100
383 279.30406955470073 2128033000
384 279.30406955470073 2133033000
385 279.30406955470073 2137032900
386 279.30406955470073 2142032800
387 279.30406955470073 2147033000
388 279.30406955470073 2152032600
389 279.30406955470073 2157032800
390 279.30406955470073 2162032800
391 279.30406955470073 2167032900
392 279.30406955470073 2172032800
393 279.30406955470073 2177033000
394 279.30406955470073 2182032900
395 279.30406955470073 2187032900
396 279.30406955470073 2192038700
397 279.30406955470073 2197033200
398 279.30406955470073 2202032800
399 279.30406955470073 2207033300
400 279.30406955470073 2212032900
401 279.30406955470073 2218035400
402 279.30406955470073 2224031300
403 279.30406955470073 2229029900
404 279.30406955470073 2235030700
405 279.30406955470073 2241029600
406 279.30406955470073 2246029900
407 279.30406955470073 2251029600
408 279.30406955470073 2256029500
409 279.30406955470073 2261029600
410 279.30406955470073 2266029400
411 279.30406955470073 2271029800
412 279.30406955470073 2276029500
413 279.30406955470073 2281029400
414 279.30406955470073 2286029300
415 279.30406955470073 2291029500
416 279.30406955470073 2296029300
417 279.30406955470073 2301029400
418 279.30406955470073 2306029400
419 279.30406955470073 2311029400
420 279.30406955470073 2316029400
421 279.30406955470073 2321029500
422 279.30406955470073 2326029400
423 279.30406955470073 2331029500
424 279.30406955470073 2336032200
425 279.30406955470073 2341032200
426 279.30406955470073 2346032200
427 279.30406955470073 2351032300
428 279.30406955470073 2356032300
429 279.30406955470073 2361032300
430 279.30406955470073 2366032200
431 279.30406955470073 2371032500
432 279.30406955470073 2376032500
433 279.30406955470073 2381032700
434 279.30406955470073 2385033100
435 279.30406955470073 2390032700
436 279.30406955470073 2395032800
437 279.30406955470073 2400043200
438 279.30406955470073 2405072500
439 279.30406955470073 2410073500
440 279.30406955470073 2415073900
441 279.30406955470073 2420073600
442 279.30406955470073 2425073800
443 279.30406955470073 2430073600
444 279.30406955470073 2435073800
445 279.30406955470073 2440073500
446 279.30406955470073 2445074300
447 279.30406955470073 2450073400
448 279.30406955470073 2455073700
449 279.30406955470073 2460073600
450 279.30406955470073 2465073700
451 279.30406955470073 2471071700
452 279.30406955470073 2477080100
453 279.30406955470073 2482074300
454 279.30406955470073 2488075500
455 279.30406955470073 2493071400
456 279.30406955470073 2499071100
457 279.30406955470073 2505104800
458 279.30406955470073 2510070800
459 279.30406955470073 2515070700
460 279.30406955470073 2520070600
461 279.30406955470073 2528074500
462 279.30406955470073 2533074100
463 279.30406955470073 2538073600
464 279.30406955470073 2543073500
465 279.30406955470073 2547073100
466 279.30406955470073 2552073200
467 279.30406955470073 2558073500
468 279.30406955470073 2563073500
469 279.30406955470073 2568073700
470 279.30406955470073 2573073600
471 279.30406955470073 2578073600
472 279.30406955470073 2582073200
473 279.30406955470073 2589070600
474 279.30406955470073 2594070900
475 279.30406955470073 2598070700
476 279.30406955470073 2604070900
477 279.30406955470073 2608070600
478 279.30406955470073 2613070400
479 279.30406955470073 2619071000
480 279.30406955470073 2624070500
481 279.30406955470073 2629070600
482 279.30406955470073 2634070900
483 279.30406955470073 2639073500
484 279.30406955470073 2644073700
485 279.30406955470073 2648073200
486 279.30406955470073 2654073300
487 279.30406955470073 2659073300
488 279.30406955470073 2664073100
489 279.30406955470073 2669073300
490 279.30406955470073 2674073200
491 279.30406955470073 2679073600
492 279.30406955470073 2684073500
493 279.30406955470073 2689074100
494 279.30406955470073 2693073500
495 279.30406955470073 2698073600
496 279.30406955470073 2703073600
497 279.30406955470073 2708073500
498 279.30406955470073 2716071100
499 279.30406955470073 2721073500
Best cost: 279.30406955470073
Path taken: 2 0 11 6 3 14 1 5 9 10 15 8 13 7 12 4