Problem size: large
0 1281.3409029586467 164999900
1 1281.3409029586467 328968700
2 1277.282041544064 482625300
3 1277.282041544064 634617100
4 1277.282041544064 786617200
5 1277.282041544064 939619000
6 1244.2396546432194 1093824200
7 1244.2396546432194 1261511400
8 1244.2396546432194 1426544800
9 1219.7065749581857 1578546600
10 1219.7065749581857 1734510600
11 1213.929580286007 1886510600
12 1148.1137506853838 2037511300
13 1140.291123841834 2189511300
14 1140.291123841834 2341511200
15 1140.291123841834 2493511100
16 1140.291123841834 2646510900
17 1140.291123841834 2797511200
18 1140.291123841834 2949511000
19 1140.291123841834 3100511200
20 1140.291123841834 3251511200
21 1140.291123841834 3402511200
22 1140.291123841834 3556511100
23 1140.291123841834 3708510700
24 1140.291123841834 3859511200
25 1140.291123841834 4011511200
26 1140.291123841834 4163511100
27 1121.7724736911225 4315511200
28 1121.7724736911225 4467511100
29 1121.7724736911225 4619511100
30 1121.7724736911225 4771510600
31 1121.7724736911225 4923514700
32 1121.7724736911225 5079544600
33 1121.7724736911225 5230538300
34 1121.7724736911225 5382514200
35 1121.7724736911225 5534514300
36 1121.7724736911225 5687514500
37 1121.7724736911225 5839514600
38 1121.7724736911225 5992513300
39 1121.7724736911225 6143546300
40 1121.7724736911225 6295514000
41 1121.7724736911225 6448511200
42 1121.7724736911225 6600510600
43 1121.7724736911225 6751513800
44 1121.7724736911225 6902511400
45 1121.7724736911225 7054511100
46 1118.1117100437407 7205511100
47 1118.1117100437407 7356511100
48 1118.1117100437407 7508510600
49 1118.1117100437407 7661514800
50 1118.1117100437407 7813511300
51 1118.1117100437407 7969510800
52 1118.1117100437407 8120512900
53 1099.8559647631605 8273513100
54 1099.8559647631605 8438513500
55 1099.8559647631605 8590510800
56 1099.8559647631605 8741511100
57 1099.8559647631605 8893511100
58 1099.8559647631605 9045511100
59 1069.926118018292 9197543200
60 1069.926118018292 9349510700
61 1069.926118018292 9501543500
62 1069.926118018292 9655544500
63 1069.926118018292 9815250000
64 1069.926118018292 9968731100
65 1069.926118018292 10121927300
66 1069.926118018292 10274061600
67 1069.926118018292 10426100400
68 1069.926118018292 10577101000
69 1069.926118018292 10729100900
70 1069.926118018292 10881101000
71 1069.926118018292 11033100500
72 1069.926118018292 11184101000
73 1069.926118018292 11337102800
74 1069.926118018292 11490125300
75 1069.926118018292 11642122000
76 1020.6229621817852 11795121400
77 1020.6229621817852 11946154100
78 1020.6229621817852 12098124900
79 1020.6229621817852 12250165500
80 1020.6229621817852 12402162300
81 1020.6229621817852 12556161700
82 1001.2082536249178 12707161900
83 1001.2082536249178 12859162100
84 1001.2082536249178 13010162200
85 1001.2082536249178 13162165500
86 1001.2082536249178 13317195000
87 1001.2082536249178 13473162400
88 1001.2082536249178 13625162200
89 1001.2082536249178 13777162300
90 1001.2082536249178 13930162200
91 1001.2082536249178 14086165900
92 1001.2082536249178 14239162400
93 1001.2082536249178 14392162300
94 961.3509616322272 14545165500
95 961.3509616322272 14700161800
96 961.3509616322272 14852161800
97 961.3509616322272 15004164000
98 961.3509616322272 15155194000
99 961.3509616322272 15307161700
100 961.3509616322272 15459165400
101 961.3509616322272 15615165400
102 961.3509616322272 15768162200
103 961.3509616322272 15920162400
104 961.3509616322272 16073162600
105 886.2864809830429 16225161800
106 886.2864809830429 16376162300
107 886.2864809830429 16528770800
108 886.2864809830429 16679770200
109 886.2864809830429 16830739700
110 886.2864809830429 16982737200
111 844.2790069828948 17134737200
112 844.2790069828948 17286737000
113 844.2790069828948 17438740100
114 844.2790069828948 17591736600
115 844.2790069828948 17743738900
116 844.2790069828948 17895740100
117 844.2790069828948 18050772600
118 844.2790069828948 18202737000
119 844.2790069828948 18353737100
120 844.2790069828948 18505737000
121 837.3495936829884 18662737100
122 837.3495936829884 18814736800
123 837.3495936829884 18966737100
124 837.3495936829884 19118770200
125 837.3495936829884 19271739500
126 837.3495936829884 19423740300
127 837.3495936829884 19576739700
128 837.3495936829884 19729740300
129 837.3495936829884 19881740800
130 837.3495936829884 20034745900
131 829.825473955005 20186737200
132 829.825473955005 20338769100
133 829.825473955005 20499736700
134 829.825473955005 20651736600
135 829.825473955005 20802737400
136 829.825473955005 20954736600
137 829.825473955005 21105737000
138 829.825473955005 21257737000
139 829.825473955005 21408737100
140 829.825473955005 21559737100
141 829.825473955005 21712768900
142 829.825473955005 21864739100
143 827.623069571996 22016736700
144 827.623069571996 22168737400
145 823.4811898954687 22320294300
146 823.4811898954687 22473297500
147 811.5322410736889 22627457100
148 811.5322410736889 22778007700
149 810.9810363486158 22929171000
150 810.9810363486158 23080168800
151 810.9810363486158 23246168800
152 810.9810363486158 23398168800
153 810.4961839091316 23550171500
154 799.9028027586734 23703172000
155 799.9028027586734 23858168700
156 770.3233035105743 24023168400
157 770.3233035105743 24176168300
158 770.3233035105743 24328168300
159 770.3233035105743 24481172200
160 770.3233035105743 24633172700
161 770.3233035105743 24786168200
162 770.3233035105743 24937168700
163 754.8734651450291 25090168300
164 754.8734651450291 25241168700
165 754.8734651450291 25393171600
166 754.8734651450291 25546168300
167 754.8734651450291 25697168700
168 754.8734651450291 25852200900
169 754.8734651450291 26007172200
170 754.8734651450291 26161201700
171 754.8734651450291 26317171000
172 754.8734651450291 26469205500
173 754.8734651450291 26620201500
174 754.8734651450291 26771170500
175 754.8734651450291 26922168800
176 754.8734651450291 27076168300
177 754.8734651450291 27228172000
178 754.8734651450291 27379360600
179 754.8734651450291 27531328500
180 754.8734651450291 27690327800
181 754.8734651450291 27842328400
182 688.7200030984658 27993331200
183 688.7200030984658 28146328300
184 688.7200030984658 28297328300
185 688.7200030984658 28449328200
186 688.7200030984658 28601328500
187 688.7200030984658 28753360200
188 688.7200030984658 28903360900
189 688.7200030984658 29056359700
190 688.7200030984658 29214362300
191 688.7200030984658 29364361300
192 688.7200030984658 29516355700
193 688.7200030984658 29673360800
194 688.7200030984658 29827328300
195 688.7200030984658 29979328300
196 688.7200030984658 30132336300
197 688.7200030984658 30289329600
198 688.7200030984658 30446329600
199 688.7200030984658 30598356000
200 688.7200030984658 30751332200
201 688.7200030984658 30910330600
202 688.7200030984658 31062331400
203 688.7200030984658 31214331800
204 688.7200030984658 31367327800
205 688.7200030984658 31519330700
206 661.2159832617389 31671331900
207 661.2159832617389 31824331400
208 661.2159832617389 31977327700
209 661.2159832617389 32128328200
210 661.2159832617389 32286328200
211 661.2159832617389 32438328200
212 661.2159832617389 32591328300
213 661.2159832617389 32743328300
214 661.2159832617389 32906329900
215 658.1861191806988 33067361500
216 658.1861191806988 33221330500
217 658.1861191806988 33385328800
218 658.1861191806988 33538331300
219 652.0296959616185 33690331200
220 652.0296959616185 33842328300
221 652.0296959616185 34008329200
222 652.0296959616185 34181331600
223 652.0296959616185 34333328000
224 652.0296959616185 34485328200
225 652.0296959616185 34636328300
226 652.0296959616185 34788328200
227 652.0296959616185 34944329700
228 652.0296959616185 35132330800
229 652.0296959616185 35289328300
230 652.0296959616185 35441328500
231 652.0296959616185 35593328200
232 643.3065817783695 35745328400
233 643.3065817783695 35898328200
234 643.3065817783695 36050328600
235 643.3065817783695 36221328700
236 643.3065817783695 36382332000
237 643.3065817783695 36535361500
238 643.3065817783695 36686328200
239 643.3065817783695 36839360300
240 643.3065817783695 36990360100
241 643.3065817783695 37143363200
242 643.3065817783695 37299331100
243 643.3065817783695 37471573500
244 643.3065817783695 37623607800
245 643.3065817783695 37775607700
246 643.3065817783695 37928572400
247 643.3065817783695 38080572500
248 643.3065817783695 38233574900
249 643.3065817783695 38385575900
250 643.3065817783695 38538571900
251 643.3065817783695 38704575700
252 643.3065817783695 38856575800
253 643.3065817783695 39008572500
254 642.3060633780794 39160605500
255 642.3060633780794 39314606400
256 642.3060633780794 39472606100
257 642.3060633780794 39625607700
258 642.3060633780794 39777572800
259 642.3060633780794 39930571800
260 642.3060633780794 40081607200
261 642.3060633780794 40233606200
262 642.3060633780794 40384606500
263 642.3060633780794 40536605800
264 642.3060633780794 40687608400
265 642.3060633780794 40838605900
266 642.3060633780794 40989606000
267 642.3060633780794 41141605400
268 642.3060633780794 41292572600
269 642.3060633780794 41445639800
270 642.3060633780794 41597607300
271 642.3060633780794 41748644100
272 642.3060633780794 41900608500
273 640.3775899104842 42053607600
274 640.3775899104842 42205605100
275 640.3775899104842 42357608700
276 637.4684706709472 42511655100
277 637.4684706709472 42663655000
278 637.4684706709472 42814655500
279 637.4684706709472 42966655600
280 637.4684706709472 43118655600
281 637.4684706709472 43270655100
282 637.4684706709472 43421658300
283 637.4684706709472 43573655500
284 637.4684706709472 43725655600
285 637.4684706709472 43877655600
286 637.4684706709472 44029655500
287 637.4684706709472 44181658600
288 637.4684706709472 44334655400
289 637.4684706709472 44489655000
290 637.4684706709472 44642655100
291 637.4684706709472 44793655000
292 637.4684706709472 44944655100
293 637.4684706709472 45094655500
294 637.4684706709472 45245655500
295 637.4684706709472 45396659000
296 637.4684706709472 45547655600
297 637.4684706709472 45699655100
298 637.4684706709472 45852687400
299 637.4684706709472 46009689400
300 637.4684706709472 46159689100
301 637.4684706709472 46314655600
302 637.4684706709472 46466161800
303 637.4684706709472 46617163500
304 637.4684706709472 46768195200
305 637.4684706709472 46919161200
306 637.4684706709472 47069161600
307 637.4684706709472 47220164600
308 637.4684706709472 47371165500
309 637.4684706709472 47522214900
310 636.8998345381679 47673211800
311 636.8998345381679 47824211900
312 636.8998345381679 47974211900
313 636.8998345381679 48124211900
314 636.8998345381679 48276211200
315 636.8998345381679 48426211900
316 636.8998345381679 48578211900
317 636.8998345381679 48729211300
318 636.8998345381679 48879211800
319 636.8998345381679 49029211800
320 636.2900643415405 49180215000
321 636.2900643415405 49331214600
322 636.2900643415405 49485244100
323 636.2900643415405 49638237600
324 636.2900643415405 49788246700
325 636.2900643415405 49939211800
326 636.2900643415405 50090212300
327 631.1677781455834 50240211900
328 631.1677781455834 50391211900
329 631.1677781455834 50548211800
330 631.1677781455834 50699211900
331 631.1677781455834 50850243400
332 631.1677781455834 51002211900
333 631.1677781455834 51153245400
334 631.1677781455834 51305214200
335 631.1677781455834 51456211700
336 631.1677781455834 51608212500
337 631.1677781455834 51759211700
338 631.1677781455834 51911211800
339 631.1677781455834 52066211800
340 631.1677781455834 52220215800
341 631.1677781455834 52370243300
342 631.1677781455834 52522250800
343 631.1677781455834 52674245400
344 630.9301724347832 52825244800
345 630.9301724347832 52976249600
346 630.9301724347832 53127240800
347 630.9301724347832 53278245500
348 630.9301724347832 53428214900
349 630.9301724347832 53579239200
350 630.9301724347832 53729244200
351 630.9301724347832 53894212100
352 630.9301724347832 54045214300
353 630.9301724347832 54196212000
354 630.9301724347832 54346211800
355 630.9301724347832 54497211700
356 629.1512587342876 54648212300
357 629.1512587342876 54800213700
358 629.1512587342876 54951211300
359 629.1512587342876 55102256300
360 629.1512587342876 55254252600
361 629.1512587342876 55406283600
362 629.1512587342876 55556280800
363 629.1512587342876 55707285000
364 629.1512587342876 55857445500
365 629.1512587342876 56008442300
366 629.1512587342876 56159442200
367 629.1512587342876 56311444500
368 629.1512587342876 56463441700
369 629.1512587342876 56615446600
370 629.1512587342876 56770444400
371 629.1512587342876 56921445600
372 629.1512587342876 57072444700
373 629.1512587342876 57224474600
374 629.1512587342876 57374476300
375 629.1512587342876 57525480000
376 629.1512587342876 57680477900
377 629.1512587342876 57833085300
378 629.1512587342876 57984085100
379 629.1512587342876 58134114900
380 629.1512587342876 58285108600
381 629.1512587342876 58436086500
382 629.1512587342876 58588114700
383 629.1512587342876 58738114700
384 629.1512587342876 58888116800
385 629.1512587342876 59039082200
386 629.1512587342876 59190085200
387 629.1512587342876 59341085400
388 626.983054447654 59492085500
389 626.983054447654 59643113400
390 626.983054447654 59795082000
391 626.983054447654 59946082000
392 626.983054447654 60096082100
393 626.983054447654 60247083300
394 626.983054447654 60398081500
395 626.983054447654 60549626100
396 626.983054447654 60699623900
397 626.983054447654 60850623900
398 626.983054447654 61001624000
399 626.983054447654 61153148000
400 626.983054447654 61304147600
401 626.983054447654 61458148000
402 626.983054447654 61609147900
403 626.983054447654 61760147500
404 626.983054447654 61910174600
405 626.983054447654 62061148400
406 626.983054447654 62212148000
407 626.983054447654 62362148000
408 626.983054447654 62513182200
409 626.983054447654 62663185600
410 626.983054447654 62813181300
411 626.983054447654 62963180100
412 626.983054447654 63113180600
413 626.983054447654 63264148000
414 626.983054447654 63415148400
415 626.983054447654 63565151300
416 626.983054447654 63716151100
417 626.983054447654 63867147900
418 626.983054447654 64018147600
419 626.983054447654 64168181700
420 626.983054447654 64318150100
421 626.983054447654 64469266500
422 626.983054447654 64618426600
423 626.983054447654 64769393200
424 626.983054447654 64919418000
425 626.983054447654 65070423700
426 626.983054447654 65219625600
427 626.983054447654 65370953500
428 626.983054447654 65521964600
429 626.983054447654 65673991100
430 626.983054447654 65823991600
431 626.983054447654 65976030400
432 626.983054447654 66126030900
433 626.983054447654 66277102700
434 626.983054447654 66428070600
435 626.983054447654 66580070100
436 626.983054447654 66731072900
437 626.983054447654 66882070200
438 626.983054447654 67032070600
439 626.983054447654 67188070100
440 626.983054447654 67338070400
441 626.983054447654 67490071700
442 626.983054447654 67642070500
443 626.983054447654 67792070500
444 626.983054447654 67943070500
445 626.983054447654 68093070700
446 626.983054447654 68244073900
447 626.983054447654 68395073800
448 626.983054447654 68547071300
449 626.983054447654 68698070600
450 626.983054447654 68849070600
451 626.983054447654 69009070600
452 626.983054447654 69159105500
453 626.983054447654 69309103900
454 626.983054447654 69460070500
455 626.983054447654 69614073500
456 626.983054447654 69770104400
457 626.983054447654 69925071100
458 626.983054447654 70075103300
459 626.983054447654 70228256000
460 626.983054447654 70378259700
461 626.983054447654 70530266700
462 626.983054447654 70679266500
463 626.983054447654 70830269200
464 626.983054447654 70980266700
465 626.983054447654 71130266900
466 626.983054447654 71279270400
467 626.9830544476539 71430267000
468 626.9830544476539 71579266900
469 626.9830544476539 71729271000
470 626.9830544476539 71879235600
471 626.9830544476539 72029267200
472 626.9830544476539 72179234900
473 626.9830544476539 72329235500
474 626.9830544476539 72481237000
475 626.9830544476539 72632234500
476 626.9830544476539 72784237200
477 626.9830544476539 72934241500
478 626.9830544476539 73083266900
479 626.9830544476539 73237269100
480 626.9830544476539 73386270900
481 626.9830544476539 73539300900
482 626.9830544476539 73689300400
483 626.9830544476539 73841271600
484 626.9830544476539 73992302800
485 626.9830544476539 74142462100
486 626.9830544476539 74292461900
487 626.9830544476539 74442431000
488 626.9830544476539 74593410500
489 626.9830544476539 74747670800
490 626.9830544476539 74903634500
491 626.9830544476539 75056672300
492 626.9830544476539 75207634200
493 626.9830544476539 75358636000
494 626.9830544476539 75509634500
495 626.9830544476539 75660634200
496 626.9830544476539 75810636300
497 626.9830544476539 75965669500
498 626.9830544476539 76118637400
499 626.9830544476539 76270636500
Best cost: 626.9830544476539
Path taken: 35 49 23 43 12 53 17 57 59 4 44 13 39 46 37 55 50 41 11 38 30 42 36 18 48 31 29 63 8 56 47 0 61 28 7 5 22 25 14 40 58 16 60 1 33 32 54 19 2 20 3 52 27 15 21 45 34 26 62 10 9 51 24 6