377.58210483192863 34994100
377.58210483192863 36994000
377.58210483192863 38962600
377.58210483192863 40961900
377.58210483192863 42964800
377.58210483192863 44964600
370.83160464813636 45997800
370.83160464813636 47998400
370.83160464813636 48995500
370.83160464813636 50962000
370.83160464813636 53966600
370.83160464813636 54965700
370.02494969758084 56998000
335.7855009479589 58993500
335.7855009479589 59995400
335.7855009479589 61995700
335.7855009479589 63000600
335.7855009479589 64997200
335.7855009479589 67000200
335.7855009479589 68995300
335.7855009479589 70998600
335.7855009479589 72000000
335.7855009479589 73995000
335.7855009479589 74997800
335.7855009479589 76998100
335.7855009479589 77996400
335.7855009479589 79996200
335.7855009479589 82003400
335.7855009479589 83995200
335.7855009479589 85998200
335.7855009479589 86997000
335.7855009479589 88995900
335.7855009479589 90993800
335.7855009479589 91995500
335.7855009479589 93996200
335.7855009479589 94997200
335.7855009479589 96996600
335.7855009479589 98994600
317.311262657782 99995100
317.311262657782 101995100
317.311262657782 102996900
317.311262657782 104998900
317.311262657782 105995700
317.311262657782 106995100
317.311262657782 108995400
317.311262657782 109999300
317.311262657782 111996300
317.311262657782 112996400
317.311262657782 114995300
312.3151979390873 115995100
312.3151979390873 117997000
312.3151979390873 118962800
312.3151979390873 121004000
312.3151979390873 122962500
312.3151979390873 123961400
312.3151979390873 126965700
312.3151979390873 128964500
312.3151979390873 130962200
312.3151979390873 132963400
312.3151979390873 134966000
312.3151979390873 135966000
312.3151979390873 137964300
312.3151979390873 138964900
312.3151979390873 140964100
312.3151979390873 141964800
303.1588719725045 143964500
303.1588719725045 145962100
303.1588719725045 148961500
303.1588719725045 151961600
303.1588719725045 153961600
303.1588719725045 156963400
295.3312558158277 157964500
279.30406955470073 158964500
279.30406955470073 161997800
279.30406955470073 163964600
279.30406955470073 164964600
279.30406955470073 165964700
279.30406955470073 167964300
279.30406955470073 168964600
279.30406955470073 170964800
279.30406955470073 171964700
279.30406955470073 173964300
279.30406955470073 174965500
279.30406955470073 176964800
279.30406955470073 177964800
279.30406955470073 179964500
279.30406955470073 180964600
279.30406955470073 181964700
279.30406955470073 183964200
279.30406955470073 184964800
279.30406955470073 186964200
279.30406955470073 187964700
279.30406955470073 189964500
279.30406955470073 190964600
279.30406955470073 192964800
279.30406955470073 193964700
279.30406955470073 194964600
279.30406955470073 196964300
279.30406955470073 197964700
279.30406955470073 199964200
279.30406955470073 200964700
279.30406955470073 202964800
279.30406955470073 203965400
279.30406955470073 205962700
279.30406955470073 207965400
279.30406955470073 209964600
279.30406955470073 210965500
279.30406955470073 212966900
279.30406955470073 214965200
279.30406955470073 219963400
279.30406955470073 222963100
279.30406955470073 225967000
279.30406955470073 228963200
279.30406955470073 230962500
279.30406955470073 233962600
279.30406955470073 235962900
279.30406955470073 238961400
279.30406955470073 239966800
279.30406955470073 241965800
279.30406955470073 243965600
279.30406955470073 246964800
279.30406955470073 249964100
279.30406955470073 252962500
279.30406955470073 253964300
279.30406955470073 255961500
279.30406955470073 257961300
279.30406955470073 258961200
279.30406955470073 259961300
279.30406955470073 261961100
279.30406955470073 262961300
279.30406955470073 264961000
279.30406955470073 265961300
279.30406955470073 267961100
279.30406955470073 268961300
279.30406955470073 271961600
279.30406955470073 273961300
279.30406955470073 274961100
279.30406955470073 275961200
279.30406955470073 277961000
279.30406955470073 278961100
279.30406955470073 280961100
279.30406955470073 281961200
279.30406955470073 283961100
279.30406955470073 284961000
279.30406955470073 286961100
279.30406955470073 288961000
279.30406955470073 289961100
279.30406955470073 290961200
279.30406955470073 292961000
279.30406955470073 293961200
279.30406955470073 295961100
279.30406955470073 296961500
279.30406955470073 298961100
279.30406955470073 299961300
279.30406955470073 302961600
279.30406955470073 304963400
279.30406955470073 306962900
279.30406955470073 308966600
279.30406955470073 310963700
279.30406955470073 312961700
279.30406955470073 315994700
279.30406955470073 317963600
279.30406955470073 318962100
279.30406955470073 320961100
279.30406955470073 321961300
279.30406955470073 323961000
279.30406955470073 324961200
279.30406955470073 326960800
279.30406955470073 327961300
279.30406955470073 329961100
279.30406955470073 330961300
279.30406955470073 332961100
279.30406955470073 334961900
279.30406955470073 337961700
279.30406955470073 340961600
279.30406955470073 343961600
279.30406955470073 345961800
279.30406955470073 348961700
279.30406955470073 350963900
279.30406955470073 351964000
279.30406955470073 352964100
279.30406955470073 354963200
279.30406955470073 355963200
279.30406955470073 357962700
279.30406955470073 358962800
279.30406955470073 359963100
279.30406955470073 361962800
279.30406955470073 362963200
279.30406955470073 364962700
279.30406955470073 367960200
279.30406955470073 369961200
279.30406955470073 370961000
279.30406955470073 372961100
279.30406955470073 373961200
279.30406955470073 375961100
279.30406955470073 376961200
279.30406955470073 377961200
279.30406955470073 379961100
279.30406955470073 381963100
279.30406955470073 382962900
279.30406955470073 384962900
279.30406955470073 385963100
279.30406955470073 387963300
279.30406955470073 389964900
279.30406955470073 391963600
279.30406955470073 393964300
279.30406955470073 395965600
279.30406955470073 397963900
279.30406955470073 398964000
279.30406955470073 400963800
279.30406955470073 402963500
279.30406955470073 404964600
279.30406955470073 405964000
279.30406955470073 406964900
279.30406955470073 408964300
279.30406955470073 409964500
279.30406955470073 411964500
279.30406955470073 413964500
279.30406955470073 414964600
279.30406955470073 415964700
279.30406955470073 417964100
279.30406955470073 418964500
279.30406955470073 420964500
279.30406955470073 421964400
279.30406955470073 423964500
279.30406955470073 424964600
279.30406955470073 426964600
279.30406955470073 427964800
279.30406955470073 429964400
279.30406955470073 430964400
279.30406955470073 431964700
279.30406955470073 433964200
279.30406955470073 434964700
279.30406955470073 436964300
279.30406955470073 437964700
279.30406955470073 439964600
279.30406955470073 440964400
279.30406955470073 442964100
279.30406955470073 443962300
279.30406955470073 445961800
279.30406955470073 446961700
279.30406955470073 447961700
279.30406955470073 449961800
279.30406955470073 450961800
279.30406955470073 452961700
279.30406955470073 453961800
279.30406955470073 455961700
279.30406955470073 456961700
279.30406955470073 458961800
279.30406955470073 459964900
279.30406955470073 460964800
279.30406955470073 462964700
279.30406955470073 463964800
279.30406955470073 465964100
279.30406955470073 467965100
279.30406955470073 469965900
279.30406955470073 471962100
279.30406955470073 472961900
279.30406955470073 475961700
279.30406955470073 477964300
279.30406955470073 479963200
279.30406955470073 481961400
279.30406955470073 482962100
279.30406955470073 484960900
279.30406955470073 485961300
279.30406955470073 487961100
279.30406955470073 488961200
279.30406955470073 490965200
279.30406955470073 491965700
279.30406955470073 492965200
279.30406955470073 494964300
279.30406955470073 495964800
279.30406955470073 497964200
279.30406955470073 498964600
279.30406955470073 500964300
279.30406955470073 501964300
279.30406955470073 502964700
279.30406955470073 504964300
279.30406955470073 506964400
279.30406955470073 507964600
279.30406955470073 508964800
279.30406955470073 510964300
279.30406955470073 511964800
279.30406955470073 513964400
279.30406955470073 514964800
279.30406955470073 516964300
279.30406955470073 517964400
279.30406955470073 519964500
279.30406955470073 520964600
279.30406955470073 522964500
279.30406955470073 523964800
279.30406955470073 525964600
279.30406955470073 526964600
279.30406955470073 527964800
279.30406955470073 529964300
279.30406955470073 531964700
279.30406955470073 532964500
279.30406955470073 533964800
279.30406955470073 535964300
279.30406955470073 536964900
279.30406955470073 538964300
279.30406955470073 539964900
279.30406955470073 541965300
279.30406955470073 543966500
279.30406955470073 544965600
279.30406955470073 546967100
279.30406955470073 548965400
279.30406955470073 550965800
279.30406955470073 551965200
279.30406955470073 553961900
279.30406955470073 554961500
279.30406955470073 556961100
279.30406955470073 558961600
279.30406955470073 559961300
279.30406955470073 561961300
279.30406955470073 562961000
279.30406955470073 563961300
279.30406955470073 565961100
279.30406955470073 566961300
279.30406955470073 568961000
279.30406955470073 570962300
279.30406955470073 572961200
279.30406955470073 573961200
279.30406955470073 574961300
279.30406955470073 576960900
279.30406955470073 577961200
279.30406955470073 579961100
279.30406955470073 580961300
279.30406955470073 582961200
279.30406955470073 583961100
279.30406955470073 586961700
279.30406955470073 588961600
279.30406955470073 591961600
279.30406955470073 594961500
279.30406955470073 595961700
279.30406955470073 597962100
279.30406955470073 598961700
279.30406955470073 599962100
279.30406955470073 601964200
279.30406955470073 602964500
279.30406955470073 604964200
279.30406955470073 605964500
279.30406955470073 606964500
279.30406955470073 608964300
279.30406955470073 609964800
279.30406955470073 611964200
279.30406955470073 612964700
279.30406955470073 614966500
279.30406955470073 615965800
279.30406955470073 617965300
279.30406955470073 618966100
279.30406955470073 620964700
279.30406955470073 621966300
279.30406955470073 623964400
279.30406955470073 624965100
279.30406955470073 626965200
279.30406955470073 627965300
279.30406955470073 629965200
279.30406955470073 631962100
279.30406955470073 636963500
279.30406955470073 640962800
279.30406955470073 643963000
279.30406955470073 645962400
279.30406955470073 649962400
279.30406955470073 652962600
279.30406955470073 655962300
279.30406955470073 657962200
279.30406955470073 659961200
279.30406955470073 660961300
279.30406955470073 663962700
279.30406955470073 666961700
279.30406955470073 669961100
279.30406955470073 672963200
279.30406955470073 675961400
279.30406955470073 678963100
279.30406955470073 681961800
279.30406955470073 684961800
279.30406955470073 687961600
279.30406955470073 689961700
279.30406955470073 692962100
279.30406955470073 695963000
279.30406955470073 696962000
279.30406955470073 698961700
279.30406955470073 699961900
279.30406955470073 701961800
279.30406955470073 702961800
279.30406955470073 704961700
279.30406955470073 705961600
279.30406955470073 707961800
279.30406955470073 708961800
279.30406955470073 709961700
279.30406955470073 711962400
279.30406955470073 712961800
279.30406955470073 714961700
279.30406955470073 715961700
279.30406955470073 717961700
279.30406955470073 718961500
279.30406955470073 720962300
279.30406955470073 721995600
279.30406955470073 722997400
279.30406955470073 724996000
279.30406955470073 725961500
279.30406955470073 728993300
279.30406955470073 730963100
279.30406955470073 732997400
279.30406955470073 735961700
279.30406955470073 739001900
279.30406955470073 741993900
279.30406955470073 744964000
279.30406955470073 747995000
279.30406955470073 749989400
279.30406955470073 752991000
279.30406955470073 755987200
279.30406955470073 758988900
279.30406955470073 760994700
279.30406955470073 762995400
279.30406955470073 763995300
279.30406955470073 765995900
279.30406955470073 766996900
279.30406955470073 767995400
279.30406955470073 769997400
279.30406955470073 770963700
279.30406955470073 772997500
279.30406955470073 773997600
279.30406955470073 775996500
279.30406955470073 776998900
279.30406955470073 777995300
279.30406955470073 779998500
279.30406955470073 780996300
279.30406955470073 782995200
279.30406955470073 783996700
279.30406955470073 785997300
279.30406955470073 786998600
279.30406955470073 787995200
279.30406955470073 790000200
279.30406955470073 791998400
279.30406955470073 792996500
279.30406955470073 794995200
279.30406955470073 795995700
279.30406955470073 797998800
279.30406955470073 798995400
279.30406955470073 799995800
279.30406955470073 801995200
279.30406955470073 802996600
279.30406955470073 804996900
279.30406955470073 805996800
279.30406955470073 808995800
279.30406955470073 810995500
279.30406955470073 813996100
279.30406955470073 816995900
279.30406955470073 819996700
279.30406955470073 822996500
279.30406955470073 825967200
279.30406955470073 827966000
279.30406955470073 829996800
279.30406955470073 830995800
279.30406955470073 832999700
279.30406955470073 833995000
279.30406955470073 835995600
279.30406955470073 836996600
279.30406955470073 838999200
279.30406955470073 841965100
279.30406955470073 844961600
279.30406955470073 846961500
279.30406955470073 849961700
279.30406955470073 852961900
279.30406955470073 855994200
279.30406955470073 857995200
279.30406955470073 860995700
279.30406955470073 862998500
279.30406955470073 864961200
279.30406955470073 865961100
279.30406955470073 867960900
279.30406955470073 868961200
279.30406955470073 871961000
279.30406955470073 873961100
279.30406955470073 874961100
279.30406955470073 876961100
279.30406955470073 877961200
279.30406955470073 879961200
279.30406955470073 880961100
279.30406955470073 881961200
279.30406955470073 883960800
279.30406955470073 884961200
279.30406955470073 886961800
279.30406955470073 887961300
279.30406955470073 889961000
279.30406955470073 890961200
279.30406955470073 892961000
279.30406955470073 893961000
279.30406955470073 894961200
279.30406955470073 896960800
279.30406955470073 897961000
279.30406955470073 899961000
279.30406955470073 900961000
279.30406955470073 902964600
279.30406955470073 903964600
279.30406955470073 904964600
279.30406955470073 906964100
279.30406955470073 907964300
