339.154080850445 5998800
339.154080850445 10969500
339.154080850445 17991100
339.154080850445 25966500
339.154080850445 34969500
339.154080850445 41968700
339.154080850445 47968900
339.154080850445 52967900
339.154080850445 57990700
339.154080850445 62994600
339.154080850445 67994300
339.154080850445 72991400
339.154080850445 76991100
339.154080850445 81994100
339.154080850445 86990400
339.154080850445 92003700
339.154080850445 96998800
339.154080850445 101999100
339.154080850445 106996600
339.154080850445 111996600
339.154080850445 116997000
339.154080850445 121000400
339.154080850445 125996700
339.154080850445 130990600
339.154080850445 135998400
339.154080850445 140996600
339.154080850445 145996600
339.154080850445 150999000
339.154080850445 155996500
339.154080850445 160996800
339.154080850445 164996500
339.154080850445 170001000
328.04336791008757 175002000
328.04336791008757 179996600
328.04336791008757 184996600
328.04336791008757 189996900
328.04336791008757 195000900
328.04336791008757 198998300
328.04336791008757 203997200
328.04336791008757 208998800
328.04336791008757 213997100
328.04336791008757 218996800
328.04336791008757 223996800
328.04336791008757 228996500
328.04336791008757 234000000
328.04336791008757 238997100
328.04336791008757 243996400
328.04336791008757 247994800
328.04336791008757 252996700
328.04336791008757 257998100
328.04336791008757 262996400
328.04336791008757 267969600
328.04336791008757 273969200
328.04336791008757 279995000
328.04336791008757 285000300
328.04336791008757 289999800
328.04336791008757 294967700
328.04336791008757 300011100
303.1447561840017 304965300
300.23958649677684 309965100
300.23958649677684 314965700
300.23958649677684 319997900
300.23958649677684 323997000
300.23958649677684 328998200
300.23958649677684 333997800
300.23958649677684 339000100
300.23958649677684 343999800
300.23958649677684 348997500
300.23958649677684 353996400
300.23958649677684 358997200
300.23958649677684 363997800
300.23958649677684 368995200
291.7908508807222 372996400
291.7908508807222 377997400
291.7908508807222 382997100
291.7908508807222 387997400
291.7908508807222 392998300
291.7908508807222 397996300
291.7908508807222 402996400
291.7908508807222 407995100
291.7908508807222 413002400
291.7908508807222 416995000
291.7908508807222 421999100
291.7908508807222 426997500
291.7908508807222 431998500
291.7908508807222 436999800
291.7908508807222 441996300
291.7908508807222 446997100
291.7908508807222 450996400
291.7908508807222 456002200
285.9538224439743 460998400
285.9538224439743 465996500
285.9538224439743 470997200
284.363258951097 475997000
284.363258951097 480999100
284.363258951097 484997000
284.363258951097 490001900
284.363258951097 495002100
279.3040695547008 499997700
279.3040695547008 504997100
279.3040695547008 509997600
279.3040695547008 514992900
279.3040695547008 520967400
279.3040695547008 528967000
279.3040695547008 535968600
279.3040695547008 541966500
279.3040695547008 546992600
279.3040695547008 552968900
279.3040695547008 557967900
279.3040695547008 562997000
279.3040695547008 567968300
279.3040695547008 572964600
279.3040695547008 577964500
279.3040695547008 582964800
279.30406955470073 587966100
279.30406955470073 591998300
279.30406955470073 596999300
279.30406955470073 601967600
279.30406955470073 606997400
279.30406955470073 611996800
279.30406955470073 617000200
279.30406955470073 621999800
279.30406955470073 626996800
279.30406955470073 631995100
279.30406955470073 635996600
279.30406955470073 640998500
279.30406955470073 645999500
279.30406955470073 650997600
279.30406955470073 655997400
279.30406955470073 660977400
279.30406955470073 666000000
279.30406955470073 670997300
279.30406955470073 675003700
279.30406955470073 679995000
279.30406955470073 684999200
279.30406955470073 689998400
279.30406955470073 695000400
279.30406955470073 699996800
279.30406955470073 703998600
279.30406955470073 709999600
279.30406955470073 713998600
279.30406955470073 718996400
279.30406955470073 723996500
279.30406955470073 728996500
279.30406955470073 733996700
279.30406955470073 738996800
279.30406955470073 743994500
279.30406955470073 747997400
279.30406955470073 752998900
279.30406955470073 757999500
279.30406955470073 762996500
279.30406955470073 767991600
279.30406955470073 773993400
279.30406955470073 779969700
279.30406955470073 784996000
279.30406955470073 790996700
279.30406955470073 794996400
279.30406955470073 799997200
279.30406955470073 804997500
279.30406955470073 809999500
279.30406955470073 815005400
279.30406955470073 819999200
279.30406955470073 824997400
279.30406955470073 829996500
279.30406955470073 835081600
279.30406955470073 839160600
279.30406955470073 844158000
279.30406955470073 849160000
279.30406955470073 854159300
279.30406955470073 859162500
279.30406955470073 864160300
279.30406955470073 869161100
279.30406955470073 874159300
279.30406955470073 879162900
279.30406955470073 884160300
279.30406955470073 888159600
279.30406955470073 893167700
279.30406955470073 898131100
279.30406955470073 903131100
279.30406955470073 908131300
279.30406955470073 913127700
279.30406955470073 918127700
279.30406955470073 923127700
279.30406955470073 928127800
279.30406955470073 933128000
279.30406955470073 937127700
279.30406955470073 942127700
279.30406955470073 947127700
279.30406955470073 952127600
279.30406955470073 957127600
279.30406955470073 962127700
279.30406955470073 967127600
279.30406955470073 971127600
279.30406955470073 976127800
279.30406955470073 981127600
279.30406955470073 986127700
279.30406955470073 991127700
279.30406955470073 996127700
279.30406955470073 1001127900
279.30406955470073 1005128200
279.30406955470073 1010127700
279.30406955470073 1016131900
279.30406955470073 1021128200
279.30406955470073 1026127600
279.30406955470073 1031127700
279.30406955470073 1036127600
279.30406955470073 1042179200
279.30406955470073 1047159900
279.30406955470073 1052161000
279.30406955470073 1057162000
279.30406955470073 1062160000
279.30406955470073 1066162900
279.30406955470073 1072153500
279.30406955470073 1077130700
279.30406955470073 1082130200
279.30406955470073 1088153800
279.30406955470073 1092155600
279.30406955470073 1097179800
279.30406955470073 1103131700
279.30406955470073 1108131900
279.30406955470073 1113129800
279.30406955470073 1118160400
279.30406955470073 1123128600
279.30406955470073 1129128900
279.30406955470073 1134181300
279.30406955470073 1139132900
279.30406955470073 1144153200
279.30406955470073 1150163400
279.30406955470073 1155130500
279.30406955470073 1160130700
279.30406955470073 1165154500
279.30406955470073 1171139300
279.30406955470073 1176155200
279.30406955470073 1181128900
279.30406955470073 1187128100
279.30406955470073 1192128000
279.30406955470073 1197128000
279.30406955470073 1202127900
279.30406955470073 1207127800
279.30406955470073 1212127700
279.30406955470073 1218128200
279.30406955470073 1223128000
279.30406955470073 1228160700
279.30406955470073 1233153900
279.30406955470073 1239132000
279.30406955470073 1245132900
279.30406955470073 1251132000
279.30406955470073 1256130700
279.30406955470073 1261139400
279.30406955470073 1267129100
279.30406955470073 1273131700
279.30406955470073 1279130500
279.30406955470073 1287131900
279.30406955470073 1293129100
279.30406955470073 1299131800
279.30406955470073 1305129400
279.30406955470073 1311129600
279.30406955470073 1317133100
279.30406955470073 1322132300
279.30406955470073 1327132000
279.30406955470073 1333161200
279.30406955470073 1338129800
279.30406955470073 1343128900
279.30406955470073 1348153700
279.30406955470073 1354158700
279.30406955470073 1359153300
279.30406955470073 1364163100
279.30406955470073 1369160100
279.30406955470073 1374160200
279.30406955470073 1379161100
279.30406955470073 1384165800
279.30406955470073 1389163200
279.30406955470073 1394159500
279.30406955470073 1399164100
279.30406955470073 1404162500
279.30406955470073 1408161600
279.30406955470073 1413159600
279.30406955470073 1418154300
279.30406955470073 1423154100
279.30406955470073 1428165600
279.30406955470073 1433132200
279.30406955470073 1439163900
279.30406955470073 1444164400
279.30406955470073 1449161700
279.30406955470073 1453156900
279.30406955470073 1458160600
279.30406955470073 1463159500
279.30406955470073 1468159600
279.30406955470073 1473161100
279.30406955470073 1478162700
279.30406955470073 1482160300
279.30406955470073 1487160800
279.30406955470073 1492160800
279.30406955470073 1497161100
279.30406955470073 1502160700
279.30406955470073 1507159600
279.30406955470073 1511160500
279.30406955470073 1516159200
279.30406955470073 1521161900
279.30406955470073 1526154100
279.30406955470073 1531163300
279.30406955470073 1537156500
279.30406955470073 1542160400
279.30406955470073 1547163100
279.30406955470073 1552310000
279.30406955470073 1557329900
279.30406955470073 1563331200
279.30406955470073 1568326300
279.30406955470073 1573357900
279.30406955470073 1578327200
279.30406955470073 1584326800
279.30406955470073 1590326700
279.30406955470073 1595326200
279.30406955470073 1600360200
279.30406955470073 1604358800
279.30406955470073 1609357900
279.30406955470073 1614358100
279.30406955470073 1619362500
279.30406955470073 1624330200
279.30406955470073 1629358200
279.30406955470073 1634357900
279.30406955470073 1639353400
279.30406955470073 1644352200
279.30406955470073 1648360100
279.30406955470073 1653328400
279.30406955470073 1659357900
279.30406955470073 1664330100
279.30406955470073 1669328900
279.30406955470073 1674361500
279.30406955470073 1679359200
279.30406955470073 1684337000
279.30406955470073 1689361900
279.30406955470073 1693358900
279.30406955470073 1699329100
279.30406955470073 1703355600
279.30406955470073 1708360400
279.30406955470073 1713358600
279.30406955470073 1719326300
279.30406955470073 1724326300
279.30406955470073 1728357100
279.30406955470073 1733360500
279.30406955470073 1738358200
279.30406955470073 1743360500
279.30406955470073 1748329300
279.30406955470073 1753326300
279.30406955470073 1758359800
279.30406955470073 1763352900
279.30406955470073 1768358600
279.30406955470073 1773361800
279.30406955470073 1778357900
279.30406955470073 1782357800
279.30406955470073 1788329400
279.30406955470073 1797331900
279.30406955470073 1806327600
279.30406955470073 1813352700
279.30406955470073 1818329900
279.30406955470073 1824326600
279.30406955470073 1829330100
279.30406955470073 1834360600
279.30406955470073 1839357500
279.30406955470073 1844358300
279.30406955470073 1849360000
279.30406955470073 1854358300
279.30406955470073 1859357600
279.30406955470073 1864358500
279.30406955470073 1868358900
279.30406955470073 1873358400
279.30406955470073 1878364400
279.30406955470073 1883363900
279.30406955470073 1888360700
279.30406955470073 1893358200
279.30406955470073 1897358300
279.30406955470073 1902358300
279.30406955470073 1907357400
279.30406955470073 1912357800
279.30406955470073 1917359400
279.30406955470073 1921358700
279.30406955470073 1926359000
279.30406955470073 1931358600
279.30406955470073 1936357700
279.30406955470073 1941360600
279.30406955470073 1946358700
279.30406955470073 1951358500
279.30406955470073 1956358100
279.30406955470073 1960362900
279.30406955470073 1965360200
279.30406955470073 1970358500
279.30406955470073 1975355300
279.30406955470073 1980362300
279.30406955470073 1985357600
279.30406955470073 1989360500
279.30406955470073 1994357600
279.30406955470073 1999358600
279.30406955470073 2004358600
279.30406955470073 2009361300
279.30406955470073 2014361200
279.30406955470073 2018357800
279.30406955470073 2023355100
279.30406955470073 2028359900
279.30406955470073 2033358200
279.30406955470073 2038358000
279.30406955470073 2043352200
279.30406955470073 2048361100
279.30406955470073 2053360700
279.30406955470073 2058361000
279.30406955470073 2064329100
279.30406955470073 2069329900
279.30406955470073 2074359200
279.30406955470073 2079357900
279.30406955470073 2083357900
279.30406955470073 2088358500
279.30406955470073 2093326000
279.30406955470073 2098326000
279.30406955470073 2103326000
279.30406955470073 2108326200
279.30406955470073 2113326000
279.30406955470073 2118325900
279.30406955470073 2123326500
279.30406955470073 2128326300
279.30406955470073 2132326000
279.30406955470073 2137326000
279.30406955470073 2142359400
279.30406955470073 2147357400
279.30406955470073 2152360100
279.30406955470073 2157326700
279.30406955470073 2162327400
279.30406955470073 2167326200
279.30406955470073 2172326000
279.30406955470073 2177357100
279.30406955470073 2182357200
279.30406955470073 2186353400
279.30406955470073 2191362400
279.30406955470073 2196352600
279.30406955470073 2201360900
279.30406955470073 2206357900
279.30406955470073 2211358400
279.30406955470073 2215356400
279.30406955470073 2220356300
279.30406955470073 2225357700
279.30406955470073 2230358100
279.30406955470073 2235358800
279.30406955470073 2240356300
279.30406955470073 2244357700
279.30406955470073 2249357600
279.30406955470073 2254358600
279.30406955470073 2259357800
279.30406955470073 2264357700
279.30406955470073 2269357700
279.30406955470073 2273357600
279.30406955470073 2278359500
279.30406955470073 2283358600
279.30406955470073 2288327700
279.30406955470073 2294357900
279.30406955470073 2300330700
279.30406955470073 2305358600
279.30406955470073 2310358100
279.30406955470073 2315379100
279.30406955470073 2320487700
279.30406955470073 2325521400
279.30406955470073 2330524100
279.30406955470073 2334521500
279.30406955470073 2339526200
279.30406955470073 2344524000
279.30406955470073 2349521400
279.30406955470073 2354522000
279.30406955470073 2358522900
279.30406955470073 2363524600
279.30406955470073 2368521600
279.30406955470073 2373520000
279.30406955470073 2378523800
279.30406955470073 2382524500
279.30406955470073 2387526300
279.30406955470073 2392522700
279.30406955470073 2397521700
279.30406955470073 2402523300
279.30406955470073 2407528300
279.30406955470073 2411523400
279.30406955470073 2416522100
279.30406955470073 2421520300
279.30406955470073 2426525100
279.30406955470073 2430525500
279.30406955470073 2435526300
279.30406955470073 2440524500
279.30406955470073 2445522300
279.30406955470073 2450521700
279.30406955470073 2454521800
279.30406955470073 2459521800
279.30406955470073 2464521900
279.30406955470073 2469521400
279.30406955470073 2474523800
279.30406955470073 2478524300
279.30406955470073 2483521500
279.30406955470073 2488521800
279.30406955470073 2493522600
279.30406955470073 2498524300
279.30406955470073 2503525100
279.30406955470073 2507522500
279.30406955470073 2512522300
279.30406955470073 2517520500
279.30406955470073 2522517800
