448.56985635414776 5000300
392.110040449102 8000800
374.53790598068156 11009500
374.53790598068156 14001100
374.53790598068156 16999700
367.22731417607383 19999700
367.22731417607383 24001300
367.22731417607383 27002600
367.22731417607383 30003000
349.6656703796154 32999700
349.6656703796154 37000700
332.67734707692557 40000400
332.67734707692557 42999600
332.67734707692557 46000000
332.67734707692557 49001500
332.67734707692557 53001000
332.67734707692557 56000200
332.67734707692557 58999800
332.67734707692557 61999900
332.67734707692557 65000100
332.67734707692557 68001100
332.67734707692557 71000500
332.67734707692557 74000700
332.67734707692557 77000800
332.67734707692557 81000000
332.67734707692557 84003800
332.67734707692557 87000500
332.67734707692557 91003700
332.67734707692557 93999600
332.67734707692557 97002700
332.67734707692557 100001700
332.67734707692557 103000900
332.67734707692557 106000600
332.67734707692557 109000000
332.67734707692557 111999600
332.67734707692557 115003100
332.67734707692557 118000400
332.67734707692557 121000300
332.67734707692557 122999700
332.67734707692557 125999700
332.67734707692557 128999900
332.67734707692557 131999700
332.67734707692557 135000400
332.67734707692557 137999900
307.9048629878307 140999800
307.9048629878307 143999700
307.9048629878307 147000300
307.9048629878307 150000300
307.9048629878307 153001100
307.9048629878307 155999900
307.9048629878307 159000000
307.9048629878307 161999900
307.9048629878307 165000700
307.9048629878307 168002200
297.66516394466896 172000700
297.66516394466896 178002000
297.66516394466896 182001800
297.66516394466896 188002300
297.66516394466896 192005200
297.66516394466896 194999800
297.66516394466896 199000900
297.66516394466896 203000800
297.66516394466896 206001600
293.10749336929496 209001000
293.10749336929496 211999700
293.10749336929496 214999500
293.10749336929496 216999700
293.10749336929496 219999600
293.10749336929496 223001100
293.10749336929496 225999700
293.10749336929496 228999800
293.10749336929496 230999700
293.10749336929496 233999600
293.10749336929496 237000000
293.10749336929496 239999600
293.10749336929496 241999800
293.10749336929496 244999500
293.10749336929496 247999800
293.10749336929496 249999700
293.10749336929496 252999700
293.10749336929496 255999500
293.10749336929496 257999600
293.10749336929496 260999700
279.3040695547008 264000700
279.3040695547008 265999600
279.30406955470073 270999500
279.30406955470073 272999600
279.30406955470073 275999500
279.30406955470073 278999500
279.30406955470073 280999600
279.30406955470073 285999400
279.30406955470073 288999500
279.30406955470073 290999500
279.30406955470073 293999700
279.30406955470073 296999800
279.30406955470073 299001700
279.30406955470073 301999800
279.30406955470073 304999900
279.30406955470073 306999700
279.30406955470073 309999600
279.30406955470073 312999200
279.30406955470073 314999700
279.30406955470073 318000200
279.30406955470073 320999800
279.30406955470073 323999900
279.30406955470073 326999600
279.30406955470073 330001600
279.30406955470073 333000400
279.30406955470073 335999600
279.30406955470073 338999600
279.30406955470073 341999900
279.30406955470073 343999600
279.30406955470073 348999500
279.30406955470073 351999600
279.30406955470073 355001100
279.30406955470073 356999700
279.30406955470073 359999500
279.30406955470073 362000200
279.30406955470073 364999600
279.30406955470073 367999800
279.30406955470073 369999600
279.30406955470073 372999500
279.30406955470073 374999600
279.30406955470073 378000700
279.30406955470073 380999600
279.30406955470073 382999700
279.30406955470073 385999600
279.30406955470073 388999700
279.30406955470073 390999600
279.30406955470073 395000200
279.30406955470073 397001800
279.30406955470073 400001400
279.30406955470073 403001600
279.30406955470073 404999800
279.30406955470073 407999500
279.30406955470073 409999600
279.30406955470073 412999500
279.30406955470073 415999500
279.30406955470073 417999600
279.30406955470073 420999500
279.30406955470073 424003100
279.30406955470073 426001600
279.30406955470073 429001400
279.30406955470073 431001500
279.30406955470073 434001400
279.30406955470073 437001900
279.30406955470073 439001400
279.30406955470073 442012100
279.30406955470073 444999700
279.30406955470073 446999700
279.30406955470073 449999600
279.30406955470073 452999700
279.30406955470073 456001900
279.30406955470073 459000100
279.30406955470073 462000300
279.30406955470073 465001700
279.30406955470073 467999800
279.30406955470073 470999600
279.30406955470073 474001900
279.30406955470073 476002400
279.30406955470073 479001800
279.30406955470073 482001700
279.30406955470073 484001500
279.30406955470073 487001400
279.30406955470073 489999600
279.30406955470073 492999600
279.30406955470073 494999600
279.30406955470073 497999700
279.30406955470073 499999600
279.30406955470073 502999600
279.30406955470073 505999700
279.30406955470073 507999700
279.30406955470073 510999700
279.30406955470073 512999600
279.30406955470073 515999500
279.30406955470073 517999700
279.30406955470073 520999600
279.30406955470073 523999500
279.30406955470073 525999700
279.30406955470073 528999600
279.30406955470073 530999600
279.30406955470073 533999700
279.30406955470073 536999800
279.30406955470073 538999700
279.30406955470073 541999700
279.30406955470073 543999600
279.30406955470073 546999600
279.30406955470073 550001400
279.30406955470073 551999600
279.30406955470073 554999700
279.30406955470073 556999600
279.30406955470073 559999600
279.30406955470073 561999600
279.30406955470073 564999500
279.30406955470073 567999800
279.30406955470073 569999500
279.30406955470073 572999600
279.30406955470073 574999700
279.30406955470073 577999700
279.30406955470073 579999700
279.30406955470073 583999700
279.30406955470073 587001000
279.30406955470073 591001000
279.30406955470073 597002300
279.30406955470073 602003100
279.30406955470073 607002300
279.30406955470073 612002900
279.30406955470073 616000100
279.30406955470073 619001600
279.30406955470073 623000100
279.30406955470073 626001300
279.30406955470073 629001100
279.30406955470073 632000600
279.30406955470073 636001200
279.30406955470073 638000100
279.30406955470073 640999800
279.30406955470073 644000100
279.30406955470073 647001700
279.30406955470073 650000000
279.30406955470073 651999600
279.30406955470073 654999600
279.30406955470073 657999700
279.30406955470073 659999800
279.30406955470073 662999900
279.30406955470073 665999600
279.30406955470073 668999700
279.30406955470073 670999600
279.30406955470073 673999600
279.30406955470073 677000300
279.30406955470073 679999600
279.30406955470073 682999800
279.30406955470073 684999600
279.30406955470073 687999600
279.30406955470073 691000900
279.30406955470073 694000700
279.30406955470073 695999600
279.30406955470073 698999500
279.30406955470073 700999600
279.30406955470073 703999700
279.30406955470073 708000300
279.30406955470073 711001500
279.30406955470073 713001400
279.30406955470073 716002000
279.30406955470073 719001500
279.30406955470073 722001800
279.30406955470073 724001400
279.30406955470073 727001400
279.30406955470073 729001800
279.30406955470073 732001700
279.30406955470073 735001600
279.30406955470073 737001500
279.30406955470073 740001400
279.30406955470073 743003400
279.30406955470073 746003600
279.30406955470073 749003500
279.30406955470073 751002700
279.30406955470073 754002500
279.30406955470073 757004000
279.30406955470073 760004100
279.30406955470073 763004800
279.30406955470073 766003000
279.30406955470073 769004900
279.30406955470073 771999700
279.30406955470073 773999700
279.30406955470073 776999700
279.30406955470073 779999700
279.30406955470073 781999800
279.30406955470073 786032800
279.30406955470073 788999800
279.30406955470073 791999800
279.30406955470073 793999700
279.30406955470073 796999700
279.30406955470073 800000000
279.30406955470073 801999900
279.30406955470073 804999700
279.30406955470073 807999900
279.30406955470073 809999700
279.30406955470073 812999700
279.30406955470073 814999800
279.30406955470073 818002500
279.30406955470073 822000600
279.30406955470073 825000300
279.30406955470073 828003200
279.30406955470073 831002300
279.30406955470073 834002500
279.30406955470073 836002400
279.30406955470073 838999500
279.30406955470073 840999600
279.30406955470073 843999500
279.30406955470073 845999600
279.30406955470073 848999900
279.30406955470073 851999600
279.30406955470073 854999800
279.30406955470073 856999500
279.30406955470073 859999600
279.30406955470073 862999900
279.30406955470073 864999700
279.30406955470073 867999600
279.30406955470073 869999600
279.30406955470073 872999600
279.30406955470073 875999600
279.30406955470073 877999500
279.30406955470073 882002500
279.30406955470073 885000800
279.30406955470073 887999700
279.30406955470073 891001500
279.30406955470073 895001300
279.30406955470073 896999800
279.30406955470073 899999500
279.30406955470073 902999500
279.30406955470073 905999700
279.30406955470073 907999600
279.30406955470073 910999600
279.30406955470073 912999600
279.30406955470073 915999600
279.30406955470073 918999600
279.30406955470073 920999700
279.30406955470073 923999800
279.30406955470073 925999900
279.30406955470073 928999700
279.30406955470073 931999600
279.30406955470073 934999800
279.30406955470073 936999600
279.30406955470073 940000100
279.30406955470073 941999600
279.30406955470073 944999600
279.30406955470073 947999900
279.30406955470073 949999700
279.30406955470073 952999900
279.30406955470073 955003200
279.30406955470073 958001400
279.30406955470073 961001800
279.30406955470073 963001500
279.30406955470073 966001600
279.30406955470073 968001600
279.30406955470073 971002000
279.30406955470073 974001900
279.30406955470073 976001500
279.30406955470073 979001900
279.30406955470073 981001600
279.30406955470073 984001400
279.30406955470073 987002200
279.30406955470073 989001600
279.30406955470073 992001700
279.30406955470073 994001500
279.30406955470073 997001500
279.30406955470073 1000001400
279.30406955470073 1003001000
279.30406955470073 1009000500
279.30406955470073 1010999800
279.30406955470073 1013999800
279.30406955470073 1015999900
279.30406955470073 1020003200
279.30406955470073 1024001400
279.30406955470073 1027001100
279.30406955470073 1030000000
279.30406955470073 1031999800
279.30406955470073 1035003300
279.30406955470073 1038002400
279.30406955470073 1039999900
279.30406955470073 1042999700
279.30406955470073 1046000000
279.30406955470073 1047999800
279.30406955470073 1051000500
279.30406955470073 1053999900
279.30406955470073 1055999600
279.30406955470073 1059001100
279.30406955470073 1060999600
279.30406955470073 1063999600
279.30406955470073 1068999400
279.30406955470073 1070999600
279.30406955470073 1073999500
279.30406955470073 1075999600
279.30406955470073 1078999500
279.30406955470073 1081999900
279.30406955470073 1083999400
279.30406955470073 1086999700
279.30406955470073 1088999600
279.30406955470073 1091999500
279.30406955470073 1093999500
279.30406955470073 1097001100
279.30406955470073 1099999600
279.30406955470073 1101999700
279.30406955470073 1104999600
279.30406955470073 1106999600
279.30406955470073 1109999600
279.30406955470073 1112999600
279.30406955470073 1114999600
279.30406955470073 1117999600
279.30406955470073 1119999600
279.30406955470073 1122999600
279.30406955470073 1125999900
279.30406955470073 1128000000
279.30406955470073 1130999500
279.30406955470073 1132999700
279.30406955470073 1135999600
279.30406955470073 1137999700
279.30406955470073 1140999600
279.30406955470073 1144000000
279.30406955470073 1145999600
279.30406955470073 1148999600
279.30406955470073 1150999600
279.30406955470073 1154000500
279.30406955470073 1158004400
279.30406955470073 1163001800
279.30406955470073 1165999800
279.30406955470073 1169000700
279.30406955470073 1172000600
279.30406955470073 1175002200
279.30406955470073 1178001200
279.30406955470073 1180001400
279.30406955470073 1184001000
279.30406955470073 1185999900
279.30406955470073 1188999800
279.30406955470073 1194000400
279.30406955470073 1200001000
279.30406955470073 1204000500
279.30406955470073 1208000600
279.30406955470073 1211000400
279.30406955470073 1213000500
279.30406955470073 1217001300
279.30406955470073 1219999700
279.30406955470073 1223000900
279.30406955470073 1226000200
279.30406955470073 1227999600
279.30406955470073 1230999600
279.30406955470073 1232999700
279.30406955470073 1235999600
279.30406955470073 1238999600
279.30406955470073 1240999600
279.30406955470073 1243999500
279.30406955470073 1245999600
279.30406955470073 1248999600
279.30406955470073 1250999600
279.30406955470073 1253999800
279.30406955470073 1256999600
279.30406955470073 1258999600
279.30406955470073 1261999600
279.30406955470073 1263999600
279.30406955470073 1266999500
279.30406955470073 1269999700
279.30406955470073 1271999500
279.30406955470073 1274999600
279.30406955470073 1276999700
279.30406955470073 1279999600
279.30406955470073 1281999700
279.30406955470073 1284999600
279.30406955470073 1287999900
279.30406955470073 1289999700
279.30406955470073 1292999600
279.30406955470073 1294999700
279.30406955470073 1297999600
279.30406955470073 1301001700
279.30406955470073 1304002300
279.30406955470073 1308002600
279.30406955470073 1313000900
279.30406955470073 1318000900
279.30406955470073 1324001100
279.30406955470073 1329001500
279.30406955470073 1332000000
279.30406955470073 1335000100
279.30406955470073 1337999800
279.30406955470073 1340999800
279.30406955470073 1343999800
279.30406955470073 1345999800
279.30406955470073 1348999600
279.30406955470073 1350999600
279.30406955470073 1353999500
279.30406955470073 1355999500
279.30406955470073 1358999500
279.30406955470073 1364000700
279.30406955470073 1367002300
279.30406955470073 1370001500
279.30406955470073 1372001600
279.30406955470073 1375001400
279.30406955470073 1378001800
279.30406955470073 1380001600
279.30406955470073 1383001700
279.30406955470073 1385001600
279.30406955470073 1388001500
279.30406955470073 1390001600
279.30406955470073 1393000200
279.30406955470073 1395999800
279.30406955470073 1397999500
279.30406955470073 1400999600
279.30406955470073 1402999700
279.30406955470073 1405999600
279.30406955470073 1407999600
279.30406955470073 1410999600
279.30406955470073 1413999900
279.30406955470073 1415999600
279.30406955470073 1418999500
279.30406955470073 1420999600
279.30406955470073 1423999600
279.30406955470073 1425999700
279.30406955470073 1428999600
279.30406955470073 1430999500
279.30406955470073 1433999600
279.30406955470073 1436999800
279.30406955470073 1438999600
