389.6671998885565 69033400
358.29336579509186 75003400
358.29336579509186 79998500
347.049117546478 86002100
347.049117546478 91001700
334.28166658863813 97000300
334.28166658863813 107003000
334.28166658863813 115002600
334.28166658863813 120001800
334.28166658863813 125998600
334.28166658863813 137001800
334.28166658863813 146002000
334.28166658863813 151001600
334.28166658863813 167001700
334.28166658863813 172998900
334.28166658863813 180002000
334.28166658863813 192001600
334.28166658863813 198001900
334.28166658863813 206002000
334.28166658863813 212001900
334.28166658863813 221998900
334.28166658863813 230998600
279.3040695547008 240998900
279.3040695547008 250998700
279.3040695547008 255999400
279.3040695547008 261999200
279.3040695547008 272998400
279.3040695547008 283998700
279.3040695547008 294998400
279.3040695547008 303999000
279.3040695547008 313999100
279.3040695547008 325001300
279.3040695547008 333998700
279.3040695547008 340999000
279.3040695547008 349000200
279.3040695547008 355999200
279.3040695547008 366998400
279.3040695547008 376998400
279.3040695547008 382999100
279.3040695547008 391998300
279.3040695547008 399998200
279.3040695547008 404998600
279.3040695547008 412999100
279.3040695547008 422999200
279.3040695547008 434000500
279.3040695547008 443000300
279.3040695547008 453000500
279.3040695547008 462999100
279.3040695547008 473998400
279.3040695547008 483998400
279.3040695547008 493998300
279.3040695547008 501002400
279.3040695547008 509000700
279.3040695547008 514000500
279.3040695547008 519000400
279.3040695547008 529998600
279.3040695547008 537000300
279.3040695547008 546998700
279.3040695547008 558001000
279.3040695547008 567999600
279.3040695547008 577998200
279.3040695547008 584999100
279.3040695547008 590000600
279.3040695547008 609002100
279.30406955470073 616998600
279.30406955470073 630000400
279.30406955470073 636998800
279.30406955470073 645998200
279.30406955470073 652998000
279.30406955470073 658999000
279.30406955470073 669998800
279.30406955470073 679999400
279.30406955470073 684999600
279.30406955470073 692000900
279.30406955470073 704000500
279.30406955470073 712000800
279.30406955470073 716998600
279.30406955470073 725998900
279.30406955470073 734998300
279.30406955470073 746998200
279.30406955470073 754998500
279.30406955470073 765998700
279.30406955470073 777000700
279.30406955470073 787998400
279.30406955470073 796998300
279.30406955470073 802998400
279.30406955470073 814998500
279.30406955470073 827998500
279.30406955470073 835998600
279.30406955470073 840998500
279.30406955470073 850000700
279.30406955470073 858998300
279.30406955470073 866000500
279.30406955470073 871000300
279.30406955470073 877998700
279.30406955470073 885998500
279.30406955470073 895998400
279.30406955470073 907000000
279.30406955470073 917000700
279.30406955470073 926000400
279.30406955470073 930998400
279.30406955470073 937999300
279.30406955470073 954000700
279.30406955470073 962999700
279.30406955470073 970999900
279.30406955470073 983000000
279.30406955470073 995998500
279.30406955470073 1000999600
279.30406955470073 1006998800
279.30406955470073 1019000300
279.30406955470073 1027998400
279.30406955470073 1033999300
279.30406955470073 1045999100
279.30406955470073 1055999200
279.30406955470073 1066998500
279.30406955470073 1076998300
279.30406955470073 1083000300
279.30406955470073 1088000200
279.30406955470073 1093000300
279.30406955470073 1101998400
279.30406955470073 1113998700
279.30406955470073 1118998400
279.30406955470073 1123998400
279.30406955470073 1135000400
279.30406955470073 1148999500
279.30406955470073 1158999200
279.30406955470073 1175000500
279.30406955470073 1186001800
279.30406955470073 1194999100
279.30406955470073 1203998300
279.30406955470073 1211998300
279.30406955470073 1222000400
279.30406955470073 1232998900
279.30406955470073 1242998900
279.30406955470073 1253001300
279.30406955470073 1263998700
279.30406955470073 1273998500
279.30406955470073 1284999200
279.30406955470073 1295001600
279.30406955470073 1300000300
279.30406955470073 1306999800
279.30406955470073 1312999400
279.30406955470073 1320998600
279.30406955470073 1332000100
279.30406955470073 1339999500
279.30406955470073 1354000200
279.30406955470073 1370000900
279.30406955470073 1381999100
279.30406955470073 1392001500
279.30406955470073 1399000000
279.30406955470073 1406000600
279.30406955470073 1417001400
279.30406955470073 1430000400
279.30406955470073 1440998800
279.30406955470073 1452999800
279.30406955470073 1464002100
279.30406955470073 1475998500
279.30406955470073 1491001700
279.30406955470073 1501998900
279.30406955470073 1512999400
279.30406955470073 1523000500
279.30406955470073 1534000700
279.30406955470073 1544998600
279.30406955470073 1555999500
279.30406955470073 1565000500
279.30406955470073 1570000400
279.30406955470073 1577998400
279.30406955470073 1587000100
279.30406955470073 1597999300
279.30406955470073 1606002000
279.30406955470073 1614002800
279.30406955470073 1622999200
279.30406955470073 1630998900
279.30406955470073 1639999100
279.30406955470073 1649000700
279.30406955470073 1660001900
279.30406955470073 1671001700
279.30406955470073 1689999200
279.30406955470073 1694998500
279.30406955470073 1704999200
279.30406955470073 1710032200
279.30406955470073 1714998500
279.30406955470073 1720998600
279.30406955470073 1726001400
279.30406955470073 1731044000
279.30406955470073 1737002400
279.30406955470073 1757001600
279.30406955470073 1767002000
279.30406955470073 1772001500
279.30406955470073 1778001500
279.30406955470073 1787998700
279.30406955470073 1796000000
279.30406955470073 1812999000
279.30406955470073 1819001500
279.30406955470073 1828001700
279.30406955470073 1834001700
279.30406955470073 1838998900
279.30406955470073 1848999100
279.30406955470073 1861999600
279.30406955470073 1869999200
279.30406955470073 1885999200
279.30406955470073 1893999700
279.30406955470073 1900001700
279.30406955470073 1908999100
279.30406955470073 1915998700
279.30406955470073 1925998300
279.30406955470073 1935998800
279.30406955470073 1943002100
279.30406955470073 1948001800
279.30406955470073 1961999100
279.30406955470073 1971998800
279.30406955470073 1982998800
279.30406955470073 1990001200
279.30406955470073 2004998400
279.30406955470073 2009998500
279.30406955470073 2018001300
279.30406955470073 2023001300
279.30406955470073 2028001800
279.30406955470073 2034002000
279.30406955470073 2039001800
279.30406955470073 2044001500
279.30406955470073 2066001600
279.30406955470073 2075999000
279.30406955470073 2087001700
279.30406955470073 2093002300
279.30406955470073 2103002100
279.30406955470073 2114001600
279.30406955470073 2121999000
279.30406955470073 2126999500
279.30406955470073 2131999200
279.30406955470073 2136998600
279.30406955470073 2143998600
279.30406955470073 2154998600
279.30406955470073 2162999100
279.30406955470073 2168999100
279.30406955470073 2178001900
279.30406955470073 2188002100
279.30406955470073 2198999000
279.30406955470073 2209001500
279.30406955470073 2218999000
279.30406955470073 2226001800
279.30406955470073 2237001600
279.30406955470073 2250999000
279.30406955470073 2262002200
279.30406955470073 2268999000
279.30406955470073 2274999000
279.30406955470073 2280001600
279.30406955470073 2285001600
279.30406955470073 2290001600
279.30406955470073 2296001800
279.30406955470073 2300999200
279.30406955470073 2324998700
279.30406955470073 2334998600
279.30406955470073 2343999000
279.30406955470073 2353999300
279.30406955470073 2358998800
279.30406955470073 2365002700
279.30406955470073 2370001500
279.30406955470073 2379999300
279.30406955470073 2391999100
279.30406955470073 2401999000
279.30406955470073 2412001800
279.30406955470073 2421998600
279.30406955470073 2429999000
279.30406955470073 2440998600
279.30406955470073 2447999300
279.30406955470073 2453000900
279.30406955470073 2461998600
279.30406955470073 2471999200
279.30406955470073 2476999200
279.30406955470073 2481999300
279.30406955470073 2489998400
279.30406955470073 2494998500
279.30406955470073 2505998900
279.30406955470073 2518999500
279.30406955470073 2527000100
279.30406955470073 2535000300
279.30406955470073 2546353300
279.30406955470073 2554352200
279.30406955470073 2567352100
279.30406955470073 2579352700
279.30406955470073 2588351900
279.30406955470073 2593351900
279.30406955470073 2604353300
279.30406955470073 2611352900
279.30406955470073 2616352300
279.30406955470073 2621352100
279.30406955470073 2632353200
279.30406955470073 2643352700
279.30406955470073 2653382900
279.30406955470073 2664352100
279.30406955470073 2674350000
279.30406955470073 2684349400
279.30406955470073 2695349000
279.30406955470073 2704349400
279.30406955470073 2710348900
279.30406955470073 2715349100
279.30406955470073 2721352700
279.30406955470073 2726352100
279.30406955470073 2731352200
279.30406955470073 2738352300
279.30406955470073 2752350700
279.30406955470073 2767350100
279.30406955470073 2772349700
279.30406955470073 2783352200
279.30406955470073 2793348100
279.30406955470073 2804351300
279.30406955470073 2814352100
279.30406955470073 2824348600
279.30406955470073 2837352100
279.30406955470073 2845348900
279.30406955470073 2854348900
279.30406955470073 2864349000
279.30406955470073 2874349100
279.30406955470073 2879352000
279.30406955470073 2884352000
279.30406955470073 2889349900
279.30406955470073 2899352100
279.30406955470073 2908352200
279.30406955470073 2915349200
279.30406955470073 2925352200
279.30406955470073 2935352000
279.30406955470073 2941352000
279.30406955470073 2946352000
279.30406955470073 2952352100
279.30406955470073 2959352200
279.30406955470073 2964349100
279.30406955470073 2978383500
279.30406955470073 2989349700
279.30406955470073 3004352300
279.30406955470073 3016351400
279.30406955470073 3026349500
279.30406955470073 3031348800
279.30406955470073 3039353500
279.30406955470073 3047382700
279.30406955470073 3056388800
279.30406955470073 3067349800
279.30406955470073 3078349800
279.30406955470073 3088349500
279.30406955470073 3095349200
279.30406955470073 3105348900
279.30406955470073 3116349400
279.30406955470073 3121349500
279.30406955470073 3126348600
279.30406955470073 3132351800
279.30406955470073 3137351400
279.30406955470073 3142351400
279.30406955470073 3147348900
279.30406955470073 3154348800
279.30406955470073 3161352200
279.30406955470073 3171351800
279.30406955470073 3188350300
279.30406955470073 3204350600
279.30406955470073 3231349800
279.30406955470073 3237348900
279.30406955470073 3242349000
279.30406955470073 3247349100
279.30406955470073 3253351500
279.30406955470073 3258350800
279.30406955470073 3265350700
279.30406955470073 3276349000
279.30406955470073 3288348500
279.30406955470073 3298348600
279.30406955470073 3315351000
279.30406955470073 3326350900
279.30406955470073 3336349100
279.30406955470073 3346352900
279.30406955470073 3351349000
279.30406955470073 3356349000
279.30406955470073 3362350000
279.30406955470073 3368350700
279.30406955470073 3383349000
279.30406955470073 3388350800
279.30406955470073 3395350100
279.30406955470073 3411351000
279.30406955470073 3421348700
279.30406955470073 3428350600
279.30406955470073 3436382900
279.30406955470073 3444349000
279.30406955470073 3454349000
279.30406955470073 3464350000
279.30406955470073 3474349500
279.30406955470073 3488349300
279.30406955470073 3495348800
279.30406955470073 3500348800
279.30406955470073 3508350600
279.30406955470073 3520351200
279.30406955470073 3525350600
279.30406955470073 3530350500
279.30406955470073 3538349600
279.30406955470073 3552352400
279.30406955470073 3557351900
279.30406955470073 3566383000
279.30406955470073 3573348800
279.30406955470073 3580348800
279.30406955470073 3591348900
279.30406955470073 3601349100
279.30406955470073 3608349300
279.30406955470073 3614349700
279.30406955470073 3622385000
279.30406955470073 3632348900
279.30406955470073 3643349600
279.30406955470073 3652349900
279.30406955470073 3659348800
279.30406955470073 3668348600
279.30406955470073 3674349400
279.30406955470073 3686349600
279.30406955470073 3695348900
279.30406955470073 3703349300
279.30406955470073 3715349000
279.30406955470073 3726350700
279.30406955470073 3736350600
279.30406955470073 3747348900
279.30406955470073 3761348800
279.30406955470073 3771349000
279.30406955470073 3780348700
279.30406955470073 3786351900
279.30406955470073 3797383100
279.30406955470073 3807349100
279.30406955470073 3813348700
279.30406955470073 3818348800
279.30406955470073 3823348800
279.30406955470073 3828348900
279.30406955470073 3834351300
279.30406955470073 3850350800
279.30406955470073 3860348700
279.30406955470073 3869348700
279.30406955470073 3879348700
279.30406955470073 3885349000
279.30406955470073 3892352200
279.30406955470073 3899418900
279.30406955470073 3912457800
279.30406955470073 3922457100
279.30406955470073 3928458100
279.30406955470073 3933457800
279.30406955470073 3938458400
279.30406955470073 3951457700
279.30406955470073 3960457600
279.30406955470073 3967457000
279.30406955470073 3979457600
279.30406955470073 3989457700
279.30406955470073 3999457100
279.30406955470073 4009459000
279.30406955470073 4020457600
279.30406955470073 4030457200
279.30406955470073 4041457300
279.30406955470073 4051457000
279.30406955470073 4061457100
279.30406955470073 4068457700
279.30406955470073 4073457100
279.30406955470073 4079457300
279.30406955470073 4086460700
279.30406955470073 4096458200
279.30406955470073 4106457200
279.30406955470073 4116457800
279.30406955470073 4127457400
279.30406955470073 4136457200
279.30406955470073 4145459000
279.30406955470073 4155459000
279.30406955470073 4162492200
279.30406955470073 4168458000
279.30406955470073 4177460400
279.30406955470073 4182460300
279.30406955470073 4191490700
279.30406955470073 4201460300
279.30406955470073 4209460400
279.30406955470073 4214490700
279.30406955470073 4220460200
279.30406955470073 4236461200
279.30406955470073 4244458100
279.30406955470073 4256457300
279.30406955470073 4266491500
279.30406955470073 4272457400
279.30406955470073 4279492200
279.30406955470073 4288460300
279.30406955470073 4298457100
279.30406955470073 4308491700
279.30406955470073 4318460000
279.30406955470073 4329495600
279.30406955470073 4339491000
279.30406955470073 4345461200
279.30406955470073 4354457400
279.30406955470073 4364460400
279.30406955470073 4375457200
279.30406955470073 4384457700
279.30406955470073 4389457600
279.30406955470073 4394458200
279.30406955470073 4399457100
279.30406955470073 4404457500
279.30406955470073 4422459000
279.30406955470073 4433457800
279.30406955470073 4442459900
279.30406955470073 4448458100
279.30406955470073 4458458100
279.30406955470073 4468457700
279.30406955470073 4477457600
279.30406955470073 4482457500
279.30406955470073 4487457400
279.30406955470073 4494459500
279.30406955470073 4499457400
