359.56363464302694 7975500
359.56363464302694 13012500
359.56363464302694 29975200
359.56363464302694 36005300
359.56363464302694 40973700
359.56363464302694 45973700
359.56363464302694 51973700
359.56363464302694 56973700
357.67182120429 61973700
357.67182120429 66973800
357.67182120429 72973700
323.7422488372798 77973600
323.7422488372798 82977200
323.7422488372798 88977100
323.7422488372798 93977200
323.7422488372798 98976700
323.7422488372798 103976600
323.7422488372798 109977100
323.7422488372798 114976700
323.7422488372798 124003900
323.7422488372798 133973800
323.7422488372798 138973800
323.7422488372798 143974400
323.7422488372798 150973700
323.7422488372798 155973800
323.7422488372798 161977800
323.7422488372798 166977500
323.7422488372798 171976900
323.7422488372798 176977100
323.7422488372798 183001900
323.7422488372798 187977200
314.04301031137106 192977100
314.04301031137106 197977100
314.04301031137106 203976900
314.04301031137106 208977100
314.04301031137106 213977000
314.04301031137106 218977000
314.04301031137106 224976100
314.04301031137106 229977100
314.04301031137106 234977300
314.04301031137106 242999600
314.04301031137106 247973900
313.15526811684623 255974600
313.15526811684623 262974000
313.15526811684623 267977100
313.15526811684623 272977000
313.15526811684623 278976100
313.15526811684623 283977100
279.3040695547008 288977000
279.3040695547008 293977100
279.3040695547008 298977200
279.3040695547008 304977800
279.3040695547008 310975100
279.3040695547008 321975400
279.3040695547008 330975500
279.3040695547008 342978200
279.3040695547008 352974600
279.3040695547008 361974300
279.3040695547008 366975800
279.3040695547008 371973700
279.3040695547008 376976800
279.3040695547008 382977000
279.3040695547008 387976400
279.3040695547008 392976800
279.3040695547008 397976800
279.3040695547008 403977100
279.3040695547008 408977300
279.3040695547008 413977100
279.3040695547008 418977100
279.3040695547008 423977500
279.3040695547008 428977200
279.3040695547008 434977400
279.3040695547008 439976000
279.3040695547008 444974700
279.3040695547008 449974500
279.3040695547008 455975500
279.3040695547008 460974800
279.3040695547008 465974700
279.3040695547008 471978200
279.3040695547008 481977000
279.3040695547008 488977300
279.3040695547008 494974800
279.3040695547008 499977000
279.3040695547008 507974600
279.3040695547008 517974600
279.3040695547008 525973900
279.3040695547008 530974700
279.3040695547008 536977600
279.3040695547008 541977600
279.3040695547008 546977000
279.3040695547008 551977000
279.3040695547008 556976900
279.3040695547008 561977100
279.30406955470073 567978700
279.30406955470073 572977100
279.30406955470073 578978700
279.30406955470073 584978200
279.30406955470073 589977200
279.30406955470073 594977200
279.30406955470073 603976100
279.30406955470073 608973900
279.30406955470073 614974300
279.30406955470073 619974000
279.30406955470073 624975800
279.30406955470073 634975800
279.30406955470073 641973800
279.30406955470073 647975100
279.30406955470073 654974800
279.30406955470073 660974400
279.30406955470073 665973800
279.30406955470073 671974300
279.30406955470073 677008900
279.30406955470073 682008100
279.30406955470073 688013600
279.30406955470073 694973900
279.30406955470073 700974600
279.30406955470073 705974500
279.30406955470073 710975200
279.30406955470073 716973900
279.30406955470073 722977000
279.30406955470073 727976700
279.30406955470073 732976600
279.30406955470073 741010300
279.30406955470073 745973700
279.30406955470073 750973700
279.30406955470073 755973800
279.30406955470073 760973700
279.30406955470073 765973800
279.30406955470073 770976700
279.30406955470073 776977100
279.30406955470073 781976600
279.30406955470073 786976700
279.30406955470073 791976500
279.30406955470073 796976500
279.30406955470073 801976600
279.30406955470073 807977000
279.30406955470073 812977100
279.30406955470073 817976600
279.30406955470073 822977100
279.30406955470073 827977000
279.30406955470073 832977000
279.30406955470073 837977200
279.30406955470073 842976900
279.30406955470073 847977100
279.30406955470073 852976900
279.30406955470073 858977300
279.30406955470073 863977200
279.30406955470073 868977000
279.30406955470073 873976900
279.30406955470073 878977000
279.30406955470073 883977100
279.30406955470073 888977500
279.30406955470073 895007600
279.30406955470073 901976200
279.30406955470073 908007700
279.30406955470073 913006300
279.30406955470073 918007900
279.30406955470073 923974000
279.30406955470073 932977100
279.30406955470073 938006400
279.30406955470073 943976000
279.30406955470073 948977100
279.30406955470073 953976800
279.30406955470073 958977000
279.30406955470073 963977100
279.30406955470073 968977000
279.30406955470073 973977100
279.30406955470073 979977000
279.30406955470073 984976900
279.30406955470073 990974600
279.30406955470073 996973800
279.30406955470073 1001973800
279.30406955470073 1006977100
279.30406955470073 1011977000
279.30406955470073 1016977000
279.30406955470073 1021977000
279.30406955470073 1027977600
279.30406955470073 1032977100
279.30406955470073 1037977200
279.30406955470073 1042977000
279.30406955470073 1047977100
279.30406955470073 1055974900
279.30406955470073 1063974100
279.30406955470073 1071000600
279.30406955470073 1081014400
279.30406955470073 1091774400
279.30406955470073 1102735800
279.30406955470073 1113767500
279.30406955470073 1118734100
279.30406955470073 1123733800
279.30406955470073 1130739200
279.30406955470073 1138734500
279.30406955470073 1143733500
279.30406955470073 1149733500
279.30406955470073 1155733900
279.30406955470073 1161770800
279.30406955470073 1171760600
279.30406955470073 1177733600
279.30406955470073 1183733700
279.30406955470073 1189770300
279.30406955470073 1194733500
279.30406955470073 1200735000
279.30406955470073 1210735700
279.30406955470073 1220735100
279.30406955470073 1229734100
279.30406955470073 1238734300
279.30406955470073 1247734000
279.30406955470073 1252736100
279.30406955470073 1258776600
279.30406955470073 1263769200
279.30406955470073 1269767000
279.30406955470073 1277733600
279.30406955470073 1284734300
279.30406955470073 1289733600
279.30406955470073 1294733600
279.30406955470073 1300735600
279.30406955470073 1306734600
279.30406955470073 1311733600
279.30406955470073 1317735600
279.30406955470073 1323736200
279.30406955470073 1328734500
279.30406955470073 1337735600
279.30406955470073 1343733800
279.30406955470073 1349735300
279.30406955470073 1354735600
279.30406955470073 1360735400
279.30406955470073 1367735700
279.30406955470073 1373734400
279.30406955470073 1383734400
279.30406955470073 1391733700
279.30406955470073 1396733800
279.30406955470073 1401734400
279.30406955470073 1408735000
279.30406955470073 1415735100
279.30406955470073 1425735000
279.30406955470073 1431735400
279.30406955470073 1440733800
279.30406955470073 1450734500
279.30406955470073 1457733700
279.30406955470073 1462733600
279.30406955470073 1469735900
279.30406955470073 1476734300
279.30406955470073 1485733900
279.30406955470073 1495734700
279.30406955470073 1501736600
279.30406955470073 1512734900
279.30406955470073 1520734400
279.30406955470073 1527737400
279.30406955470073 1535736100
279.30406955470073 1545733900
279.30406955470073 1551733800
279.30406955470073 1556734300
279.30406955470073 1562734800
279.30406955470073 1569734900
279.30406955470073 1580736900
279.30406955470073 1589735500
279.30406955470073 1594733700
279.30406955470073 1600733900
279.30406955470073 1605767600
279.30406955470073 1610772400
279.30406955470073 1619738200
279.30406955470073 1624733900
279.30406955470073 1630735900
279.30406955470073 1635736900
279.30406955470073 1640736800
279.30406955470073 1646737000
279.30406955470073 1651736800
279.30406955470073 1659767400
279.30406955470073 1669768000
279.30406955470073 1681769500
279.30406955470073 1690771700
279.30406955470073 1695733400
279.30406955470073 1700733500
279.30406955470073 1706738000
279.30406955470073 1711736900
279.30406955470073 1717737200
279.30406955470073 1722737000
279.30406955470073 1728770600
279.30406955470073 1733737200
279.30406955470073 1739737400
279.30406955470073 1744737100
279.30406955470073 1751738100
279.30406955470073 1756737000
279.30406955470073 1761736800
279.30406955470073 1766737000
279.30406955470073 1771736900
279.30406955470073 1776736600
279.30406955470073 1782736800
279.30406955470073 1791733500
279.30406955470073 1799733600
279.30406955470073 1804764500
279.30406955470073 1809736600
279.30406955470073 1815737500
279.30406955470073 1820736900
279.30406955470073 1825736900
279.30406955470073 1830774900
279.30406955470073 1835767600
279.30406955470073 1840767600
279.30406955470073 1846771800
279.30406955470073 1851771700
279.30406955470073 1856767400
279.30406955470073 1862737800
279.30406955470073 1872734600
279.30406955470073 1879766100
279.30406955470073 1888767000
279.30406955470073 1894734500
279.30406955470073 1899733500
279.30406955470073 1904733300
279.30406955470073 1910734000
279.30406955470073 1915736800
279.30406955470073 1920736700
279.30406955470073 1925737200
279.30406955470073 1931736600
279.30406955470073 1936736600
279.30406955470073 1941736700
279.30406955470073 1946736700
279.30406955470073 1951736400
279.30406955470073 1957737100
279.30406955470073 1962736700
279.30406955470073 1967736500
279.30406955470073 1976769000
279.30406955470073 1985734200
279.30406955470073 1990733500
279.30406955470073 1995733600
279.30406955470073 2000733600
279.30406955470073 2005736700
279.30406955470073 2011737200
279.30406955470073 2016737100
279.30406955470073 2021736700
279.30406955470073 2026736800
279.30406955470073 2031736700
279.30406955470073 2042734100
279.30406955470073 2047733600
279.30406955470073 2052733600
279.30406955470073 2058733800
279.30406955470073 2063733700
279.30406955470073 2068736900
279.30406955470073 2073736700
279.30406955470073 2078736900
279.30406955470073 2083736800
279.30406955470073 2088736600
279.30406955470073 2094737400
279.30406955470073 2099737200
279.30406955470073 2104736500
279.30406955470073 2109736600
279.30406955470073 2114736700
279.30406955470073 2119736700
279.30406955470073 2124736700
279.30406955470073 2134734400
279.30406955470073 2142737200
279.30406955470073 2147737100
279.30406955470073 2152736600
279.30406955470073 2159737900
279.30406955470073 2164738900
279.30406955470073 2169737600
279.30406955470073 2175736700
279.30406955470073 2181737500
279.30406955470073 2188740400
279.30406955470073 2193737100
279.30406955470073 2198736000
279.30406955470073 2203736700
279.30406955470073 2208736600
279.30406955470073 2213736700
279.30406955470073 2218736700
279.30406955470073 2224733700
279.30406955470073 2229733500
279.30406955470073 2234733500
279.30406955470073 2239733500
279.30406955470073 2244733400
279.30406955470073 2249733400
279.30406955470073 2254736600
279.30406955470073 2259736700
279.30406955470073 2264736700
279.30406955470073 2269736100
279.30406955470073 2274736200
279.30406955470073 2279736100
279.30406955470073 2285736400
279.30406955470073 2290736100
279.30406955470073 2295736200
279.30406955470073 2301736400
279.30406955470073 2306736100
279.30406955470073 2311736100
279.30406955470073 2316736300
279.30406955470073 2321736500
279.30406955470073 2326736500
279.30406955470073 2331734300
279.30406955470073 2341733600
279.30406955470073 2346736900
279.30406955470073 2351736700
279.30406955470073 2356736600
279.30406955470073 2364734300
279.30406955470073 2371733600
279.30406955470073 2376735400
279.30406955470073 2381767800
279.30406955470073 2386767300
279.30406955470073 2391768000
279.30406955470073 2396768200
279.30406955470073 2401768400
279.30406955470073 2407767100
279.30406955470073 2412769300
279.30406955470073 2417767000
279.30406955470073 2422766800
279.30406955470073 2428734500
279.30406955470073 2436733900
279.30406955470073 2446733700
279.30406955470073 2456854700
279.30406955470073 2466856500
279.30406955470073 2474824400
279.30406955470073 2479824400
279.30406955470073 2484824200
279.30406955470073 2490821500
279.30406955470073 2495821200
279.30406955470073 2500821000
279.30406955470073 2505821000
279.30406955470073 2510821000
279.30406955470073 2515821100
279.30406955470073 2520821100
279.30406955470073 2525821100
279.30406955470073 2530821000
279.30406955470073 2539855000
279.30406955470073 2547846100
279.30406955470073 2553821500
279.30406955470073 2558821300
279.30406955470073 2563821100
279.30406955470073 2568821100
279.30406955470073 2573821200
279.30406955470073 2578821200
279.30406955470073 2584821400
279.30406955470073 2594823900
279.30406955470073 2602821100
279.30406955470073 2607821100
279.30406955470073 2613821300
279.30406955470073 2618821100
279.30406955470073 2623821100
279.30406955470073 2632822400
279.30406955470073 2642822600
279.30406955470073 2651821600
279.30406955470073 2656821100
279.30406955470073 2661821200
279.30406955470073 2666821200
279.30406955470073 2671821200
279.30406955470073 2677823700
279.30406955470073 2682823700
279.30406955470073 2687823100
279.30406955470073 2697821300
279.30406955470073 2707827500
279.30406955470073 2715821600
279.30406955470073 2720824600
279.30406955470073 2726823200
279.30406955470073 2731823100
279.30406955470073 2739855200
279.30406955470073 2749853100
279.30406955470073 2759824300
279.30406955470073 2772822900
279.30406955470073 2783822400
279.30406955470073 2791823300
279.30406955470073 2800822300
279.30406955470073 2806821500
279.30406955470073 2812822600
279.30406955470073 2818821400
279.30406955470073 2823821300
279.30406955470073 2828821200
279.30406955470073 2833821200
279.30406955470073 2840821400
279.30406955470073 2845821100
279.30406955470073 2851823600
279.30406955470073 2856823100
279.30406955470073 2861823100
279.30406955470073 2866823000
279.30406955470073 2871822900
279.30406955470073 2876823000
279.30406955470073 2881823200
279.30406955470073 2886823100
279.30406955470073 2892825000
279.30406955470073 2899821300
279.30406955470073 2904820900
279.30406955470073 2909821000
279.30406955470073 2914821100
279.30406955470073 2919821100
279.30406955470073 2925825500
279.30406955470073 2931826100
279.30406955470073 2936824600
279.30406955470073 2943852200
279.30406955470073 2953858100
279.30406955470073 2960821600
279.30406955470073 2965821300
279.30406955470073 2970821100
279.30406955470073 2979852700
279.30406955470073 2988821900
279.30406955470073 2993821100
279.30406955470073 2998821100
279.30406955470073 3003821200
279.30406955470073 3009821400
279.30406955470073 3014821400
279.30406955470073 3019821400
279.30406955470073 3028821900
279.30406955470073 3033821100
279.30406955470073 3041846900
279.30406955470073 3051829600
279.30406955470073 3056821100
