429.31083422103836 5999900
396.93067112477206 12001800
394.82871352326544 17999200
394.82871352326544 23999900
384.894887909646 28999100
384.894887909646 34999500
383.5502265976713 39999200
376.9765082934453 44999000
376.9765082934453 49998900
376.9765082934453 55999900
376.9765082934453 60999100
376.9765082934453 65999100
364.9013696217233 70999100
364.9013696217233 76999800
364.9013696217233 81999500
364.9013696217233 86999000
364.9013696217233 91998900
364.9013696217233 96999300
364.9013696217233 101999200
364.9013696217233 106999000
364.9013696217233 111999000
340.4691086940928 117003100
340.4691086940928 122000800
340.4691086940928 127000900
340.4691086940928 132000800
340.4691086940928 137001800
340.4691086940928 142001000
340.4691086940928 147000900
340.4691086940928 153001400
340.4691086940928 158001000
340.4691086940928 163000900
340.4691086940928 168003200
340.4691086940928 173002300
340.4691086940928 178002300
340.4691086940928 182999000
334.37948886750775 187999000
334.37948886750775 192999000
334.37948886750775 198999400
306.5375708141932 203999000
306.5375708141932 208998800
306.5375708141932 214001900
306.5375708141932 218999400
306.5375708141932 223999800
303.1588719725045 228998900
303.1588719725045 234000200
303.1588719725045 238999300
303.1588719725045 243999700
303.1588719725045 248999300
303.1588719725045 254000200
303.1588719725045 258999100
303.1588719725045 263999600
303.1588719725045 270000500
303.1588719725045 279001900
303.1588719725045 285001100
303.1588719725045 294004900
303.1588719725045 301001500
303.1588719725045 307000500
303.1588719725045 312034900
301.0426168255117 318000000
301.0426168255117 323000400
301.0426168255117 327999800
301.0426168255117 332999000
301.0426168255117 337999200
301.0426168255117 342999500
301.0426168255117 347999900
301.0426168255117 353000700
298.0294338862848 357999200
298.0294338862848 362999100
298.0294338862848 368030000
298.0294338862848 373031400
298.0294338862848 378032300
297.6651639446689 384001400
297.6651639446689 389026800
293.10749336929496 394002000
279.3040695547008 399032500
279.3040695547008 404001900
279.3040695547008 409032200
279.3040695547008 414001700
279.3040695547008 419032900
279.3040695547008 424001800
279.3040695547008 429032200
279.3040695547008 434002400
279.3040695547008 439033300
279.3040695547008 444001900
279.3040695547008 449027600
279.3040695547008 454071400
279.3040695547008 459067800
279.3040695547008 464034500
279.3040695547008 469065000
279.3040695547008 474064100
279.3040695547008 479063000
279.3040695547008 484065600
279.3040695547008 489064500
279.3040695547008 494064800
279.3040695547008 499064900
279.3040695547008 504066400
279.3040695547008 509065900
279.3040695547008 514036000
279.3040695547008 519065800
279.3040695547008 525068000
279.3040695547008 529070400
279.3040695547008 535032100
279.30406955470073 541043900
279.30406955470073 547066500
279.30406955470073 552059300
279.30406955470073 558076800
279.30406955470073 563094300
279.30406955470073 568087400
279.30406955470073 574100600
279.30406955470073 579098400
279.30406955470073 585098000
279.30406955470073 591097700
279.30406955470073 596506600
279.30406955470073 601498500
279.30406955470073 606545500
279.30406955470073 612549400
279.30406955470073 617598600
279.30406955470073 623228000
279.30406955470073 628176400
279.30406955470073 633175700
279.30406955470073 639145100
279.30406955470073 644177700
279.30406955470073 649171500
279.30406955470073 654177500
279.30406955470073 659145600
279.30406955470073 665173900
279.30406955470073 670178600
279.30406955470073 675146300
279.30406955470073 680178200
279.30406955470073 685177500
279.30406955470073 691183300
279.30406955470073 696157100
279.30406955470073 701150100
279.30406955470073 707145400
279.30406955470073 713145200
279.30406955470073 719145700
279.30406955470073 724146200
279.30406955470073 729145400
279.30406955470073 734145900
279.30406955470073 739146200
279.30406955470073 744178900
279.30406955470073 749178000
279.30406955470073 755180900
279.30406955470073 760176700
279.30406955470073 765180000
279.30406955470073 770179000
279.30406955470073 775180300
279.30406955470073 780145000
279.30406955470073 785146200
279.30406955470073 791146400
279.30406955470073 796146000
279.30406955470073 802145400
279.30406955470073 808172300
279.30406955470073 816147100
279.30406955470073 824147100
279.30406955470073 830146500
279.30406955470073 836148500
279.30406955470073 841145500
279.30406955470073 847180300
279.30406955470073 852180400
279.30406955470073 857175300
279.30406955470073 862176900
279.30406955470073 867176900
279.30406955470073 872178200
279.30406955470073 877147600
279.30406955470073 882177500
279.30406955470073 887181300
279.30406955470073 892176700
279.30406955470073 897178500
279.30406955470073 902173800
279.30406955470073 907179500
279.30406955470073 912178300
279.30406955470073 917147000
279.30406955470073 922178200
279.30406955470073 927171200
279.30406955470073 932176600
279.30406955470073 937180400
279.30406955470073 942178200
279.30406955470073 947147400
279.30406955470073 952177600
279.30406955470073 957179000
279.30406955470073 962177100
279.30406955470073 967178600
279.30406955470073 972179100
279.30406955470073 977178700
279.30406955470073 982176900
279.30406955470073 987180000
279.30406955470073 992183200
279.30406955470073 997179600
279.30406955470073 1002178700
279.30406955470073 1007184400
279.30406955470073 1012177700
279.30406955470073 1017175600
279.30406955470073 1022177700
279.30406955470073 1027179900
279.30406955470073 1032783200
279.30406955470073 1038364600
279.30406955470073 1042395300
279.30406955470073 1047367500
279.30406955470073 1052395300
279.30406955470073 1058397100
279.30406955470073 1064364000
279.30406955470073 1069364800
279.30406955470073 1076366800
279.30406955470073 1082364700
279.30406955470073 1088370500
279.30406955470073 1094366200
279.30406955470073 1100363400
279.30406955470073 1106363700
279.30406955470073 1111365100
279.30406955470073 1117365400
279.30406955470073 1123364400
279.30406955470073 1129364600
279.30406955470073 1134365400
279.30406955470073 1141371000
279.30406955470073 1147400600
279.30406955470073 1153368700
279.30406955470073 1160367800
279.30406955470073 1165367300
279.30406955470073 1171366900
279.30406955470073 1177368300
279.30406955470073 1183367300
279.30406955470073 1189367300
279.30406955470073 1196366200
279.30406955470073 1202368300
279.30406955470073 1208368900
279.30406955470073 1213367300
279.30406955470073 1219367300
279.30406955470073 1225367800
279.30406955470073 1230366900
279.30406955470073 1235369300
279.30406955470073 1241367500
279.30406955470073 1247369700
279.30406955470073 1252366900
279.30406955470073 1258366000
279.30406955470073 1264403900
279.30406955470073 1270365300
279.30406955470073 1277365400
279.30406955470073 1282398200
279.30406955470073 1289366200
279.30406955470073 1295364400
279.30406955470073 1301366000
279.30406955470073 1307364300
279.30406955470073 1312364100
279.30406955470073 1319365300
279.30406955470073 1325364700
279.30406955470073 1331365300
279.30406955470073 1337364500
279.30406955470073 1344366100
279.30406955470073 1350364400
279.30406955470073 1356366500
279.30406955470073 1362364000
279.30406955470073 1368369400
279.30406955470073 1375365300
279.30406955470073 1382364600
279.30406955470073 1389364500
279.30406955470073 1394367100
279.30406955470073 1399364100
279.30406955470073 1404364700
279.30406955470073 1410363600
279.30406955470073 1415364300
279.30406955470073 1420363600
279.30406955470073 1425363600
279.30406955470073 1430363500
279.30406955470073 1435364800
279.30406955470073 1440396500
279.30406955470073 1446367100
279.30406955470073 1451363900
279.30406955470073 1457372600
279.30406955470073 1463400700
279.30406955470073 1468396500
279.30406955470073 1473389700
279.30406955470073 1479396600
279.30406955470073 1484396000
279.30406955470073 1489395500
279.30406955470073 1494396600
279.30406955470073 1499394300
279.30406955470073 1505396000
279.30406955470073 1510395200
279.30406955470073 1515364200
279.30406955470073 1520396900
279.30406955470073 1525363700
279.30406955470073 1530396600
279.30406955470073 1535399900
279.30406955470073 1541367500
279.30406955470073 1546363700
279.30406955470073 1551363800
279.30406955470073 1557365000
279.30406955470073 1562364900
279.30406955470073 1567399000
279.30406955470073 1572398600
279.30406955470073 1577371100
279.30406955470073 1583363900
279.30406955470073 1588364500
279.30406955470073 1593399600
279.30406955470073 1598399000
279.30406955470073 1604398100
279.30406955470073 1609365300
279.30406955470073 1614365800
279.30406955470073 1619363900
279.30406955470073 1625396000
279.30406955470073 1630391400
279.30406955470073 1635397900
279.30406955470073 1642365500
279.30406955470073 1647395900
279.30406955470073 1653365000
279.30406955470073 1658396900
279.30406955470073 1663398900
279.30406955470073 1668395400
279.30406955470073 1673395000
279.30406955470073 1679390200
279.30406955470073 1684398800
279.30406955470073 1689401800
279.30406955470073 1694397600
279.30406955470073 1699396700
279.30406955470073 1705394800
279.30406955470073 1709398500
279.30406955470073 1715395900
279.30406955470073 1720395500
279.30406955470073 1725395400
279.30406955470073 1731396800
279.30406955470073 1736366200
279.30406955470073 1741376500
279.30406955470073 1746366100
279.30406955470073 1751390900
279.30406955470073 1756366400
279.30406955470073 1762393200
279.30406955470073 1767389400
279.30406955470073 1772398900
279.30406955470073 1777364300
279.30406955470073 1783391100
279.30406955470073 1788389700
279.30406955470073 1793397100
279.30406955470073 1799363500
279.30406955470073 1804396300
279.30406955470073 1809396900
279.30406955470073 1814395700
279.30406955470073 1819393500
279.30406955470073 1825403300
279.30406955470073 1830396200
279.30406955470073 1835394900
279.30406955470073 1840397200
279.30406955470073 1845395500
279.30406955470073 1851393000
279.30406955470073 1856366200
279.30406955470073 1861368800
279.30406955470073 1866366200
279.30406955470073 1871398900
279.30406955470073 1877397000
279.30406955470073 1882396900
279.30406955470073 1887395700
279.30406955470073 1892397700
279.30406955470073 1897399800
279.30406955470073 1903367300
279.30406955470073 1909396400
279.30406955470073 1914368200
279.30406955470073 1921400000
279.30406955470073 1926366000
279.30406955470073 1931366800
279.30406955470073 1936366900
279.30406955470073 1942367200
279.30406955470073 1947367200
279.30406955470073 1952366600
279.30406955470073 1957367200
279.30406955470073 1962366800
279.30406955470073 1967366800
279.30406955470073 1972366600
279.30406955470073 1977367200
279.30406955470073 1982366600
279.30406955470073 1987366800
279.30406955470073 1993400000
279.30406955470073 1998396100
279.30406955470073 2003396100
279.30406955470073 2008366700
279.30406955470073 2013366700
279.30406955470073 2019367000
279.30406955470073 2024367000
279.30406955470073 2029366700
279.30406955470073 2034367100
279.30406955470073 2039398500
279.30406955470073 2044365500
279.30406955470073 2049364500
279.30406955470073 2055373800
279.30406955470073 2061364100
279.30406955470073 2066363700
279.30406955470073 2071366800
279.30406955470073 2076367000
279.30406955470073 2081366600
279.30406955470073 2086366700
279.30406955470073 2091366600
279.30406955470073 2096366600
279.30406955470073 2101367300
279.30406955470073 2106366600
279.30406955470073 2111366600
279.30406955470073 2116363800
279.30406955470073 2121363700
279.30406955470073 2126363700
279.30406955470073 2132367500
279.30406955470073 2137373700
279.30406955470073 2142366500
279.30406955470073 2147367300
279.30406955470073 2152365200
279.30406955470073 2162366600
279.30406955470073 2170366100
279.30406955470073 2178364300
279.30406955470073 2184366600
279.30406955470073 2189364200
279.30406955470073 2195364800
279.30406955470073 2200363700
279.30406955470073 2205363800
279.30406955470073 2211363700
279.30406955470073 2216363600
279.30406955470073 2221363600
279.30406955470073 2226363800
279.30406955470073 2231363600
279.30406955470073 2236363700
279.30406955470073 2241366500
279.30406955470073 2247366800
279.30406955470073 2251366500
279.30406955470073 2257367000
279.30406955470073 2262366600
279.30406955470073 2267366400
279.30406955470073 2272366400
279.30406955470073 2277367000
279.30406955470073 2282366300
279.30406955470073 2287366400
279.30406955470073 2292366700
279.30406955470073 2297366900
279.30406955470073 2303367100
279.30406955470073 2308367200
279.30406955470073 2313367100
279.30406955470073 2318366900
279.30406955470073 2323366600
279.30406955470073 2328366600
279.30406955470073 2333366700
279.30406955470073 2338366700
279.30406955470073 2343366600
279.30406955470073 2348367300
279.30406955470073 2353366600
279.30406955470073 2358366600
279.30406955470073 2364367700
279.30406955470073 2369366800
279.30406955470073 2374367200
279.30406955470073 2379367300
279.30406955470073 2384367100
279.30406955470073 2389366700
279.30406955470073 2394367300
279.30406955470073 2399366700
279.30406955470073 2404367100
279.30406955470073 2410367300
279.30406955470073 2415367100
279.30406955470073 2420367100
279.30406955470073 2427368100
279.30406955470073 2432366700
279.30406955470073 2437367700
279.30406955470073 2442366900
279.30406955470073 2448367500
279.30406955470073 2453367200
279.30406955470073 2458367100
279.30406955470073 2463366700
279.30406955470073 2468366600
279.30406955470073 2473366800
279.30406955470073 2478366700
279.30406955470073 2483366700
279.30406955470073 2488366600
279.30406955470073 2493366700
279.30406955470073 2498366700
279.30406955470073 2503366800
279.30406955470073 2509367000
279.30406955470073 2514367100
279.30406955470073 2519366700
279.30406955470073 2524367100
279.30406955470073 2529367200
279.30406955470073 2534367000
279.30406955470073 2539363600
279.30406955470073 2544363600
279.30406955470073 2549363600
279.30406955470073 2555367000
279.30406955470073 2560366500
279.30406955470073 2565367000
279.30406955470073 2570366600
279.30406955470073 2575366600
279.30406955470073 2580366700
279.30406955470073 2585366800
279.30406955470073 2590366700
279.30406955470073 2595366700
279.30406955470073 2600366800
279.30406955470073 2605366700
279.30406955470073 2610366600
279.30406955470073 2616367300
279.30406955470073 2621366800
279.30406955470073 2626366600
279.30406955470073 2631367200
279.30406955470073 2636366800
279.30406955470073 2641366700
279.30406955470073 2646366600
279.30406955470073 2651366700
279.30406955470073 2656367200
279.30406955470073 2661366700
279.30406955470073 2666363600
