329.8853595985046 62045900
329.8853595985046 63998100
329.8853595985046 66038000
328.326583108162 66999100
328.326583108162 70034100
328.326583108162 70999500
328.326583108162 72999000
328.326583108162 74998400
328.326583108162 76999200
328.326583108162 83005000
328.326583108162 87999500
328.326583108162 92998400
328.326583108162 97999200
328.326583108162 101996400
328.326583108162 102999100
328.326583108162 104998600
328.326583108162 106999100
328.326583108162 108998900
328.326583108162 110998300
328.326583108162 111998400
328.326583108162 113998600
328.326583108162 115999800
328.326583108162 116998500
328.326583108162 118998900
328.326583108162 119999400
328.326583108162 121999400
328.326583108162 122999300
328.326583108162 124999100
328.326583108162 125998500
328.326583108162 127999200
328.326583108162 128999400
328.326583108162 130999400
328.326583108162 131998300
328.326583108162 133998100
328.326583108162 134998400
328.326583108162 136998100
328.326583108162 138999100
328.326583108162 139998200
328.326583108162 141999100
328.326583108162 142999100
328.326583108162 145000800
328.326583108162 146999100
328.326583108162 148999600
328.326583108162 149998900
328.326583108162 151998500
328.326583108162 152998600
326.333569677437 154998600
309.61701986863034 155998400
309.61701986863034 157998500
309.61701986863034 158999100
308.96925384262477 160998100
308.96925384262477 162997800
308.96925384262477 163998400
308.96925384262477 165998900
308.96925384262477 167998700
308.96925384262477 168998900
308.96925384262477 170997900
308.96925384262477 173000200
308.96925384262477 173998800
308.96925384262477 176000600
308.96925384262477 178001100
308.96925384262477 179998500
308.96925384262477 181998300
308.96925384262477 182998300
308.96925384262477 184998200
308.96925384262477 185998500
308.96925384262477 187999500
308.96925384262477 188998900
308.96925384262477 190998200
306.85563638838573 192997800
306.85563638838573 193997800
306.85563638838573 195997600
306.85563638838573 196997500
306.85563638838573 198997600
306.85563638838573 199997500
306.85563638838573 201998700
306.85563638838573 202998500
306.85563638838573 204998400
306.85563638838573 207000100
306.85563638838573 207999500
306.85563638838573 209999400
301.9810087051013 211999400
301.9810087051013 212999300
301.9810087051013 214999200
301.9810087051013 216998400
301.9810087051013 217999400
301.9810087051013 219999200
301.9810087051013 220999200
301.9810087051013 222998400
301.9810087051013 224998300
301.9810087051013 225998400
301.9810087051013 227998100
301.9810087051013 229998300
293.10749336929496 230998400
293.10749336929496 232998300
293.10749336929496 234998400
293.10749336929496 235998500
293.10749336929496 237998100
279.3040695547008 239998200
279.3040695547008 240998300
279.3040695547008 242999500
279.3040695547008 244998100
279.3040695547008 245999000
279.3040695547008 249000500
279.3040695547008 251001400
279.3040695547008 252998500
279.3040695547008 253997700
279.3040695547008 255998300
279.3040695547008 256998600
279.3040695547008 260000200
279.3040695547008 260998000
279.3040695547008 262998900
279.3040695547008 264998700
279.3040695547008 265997700
279.3040695547008 267998700
279.3040695547008 269998400
279.3040695547008 270997700
279.3040695547008 272998500
279.3040695547008 273997600
279.3040695547008 275998500
279.3040695547008 276997600
279.3040695547008 278998800
279.3040695547008 279997500
279.3040695547008 281998900
279.3040695547008 282997500
279.3040695547008 284998700
279.3040695547008 285997800
279.3040695547008 287998500
279.3040695547008 288997600
279.3040695547008 290998500
279.3040695547008 291997800
279.3040695547008 293998600
279.3040695547008 295997700
279.3040695547008 296997800
279.3040695547008 297997400
279.3040695547008 299997300
279.3040695547008 300997800
279.3040695547008 302998600
279.3040695547008 303997500
279.3040695547008 305998600
279.3040695547008 306997600
279.3040695547008 308998500
279.3040695547008 309997600
279.30406955470073 311998600
279.30406955470073 312997500
279.30406955470073 314998500
279.30406955470073 315997800
279.30406955470073 317998900
279.30406955470073 318997700
279.30406955470073 320998400
279.30406955470073 321997400
279.30406955470073 323997900
279.30406955470073 325998500
279.30406955470073 326999600
279.30406955470073 328999400
279.30406955470073 330998800
279.30406955470073 337997900
279.30406955470073 344997600
279.30406955470073 351998000
279.30406955470073 357998900
279.30406955470073 359999700
279.30406955470073 361998500
279.30406955470073 363998900
279.30406955470073 364998700
279.30406955470073 366998800
279.30406955470073 367998300
279.30406955470073 369999100
279.30406955470073 372998200
279.30406955470073 375998400
279.30406955470073 376998900
279.30406955470073 378998800
279.30406955470073 380998500
279.30406955470073 382000600
279.30406955470073 383999300
279.30406955470073 384999300
279.30406955470073 386999200
279.30406955470073 387998700
279.30406955470073 389999300
279.30406955470073 390999500
279.30406955470073 392999000
279.30406955470073 393999100
279.30406955470073 395998600
279.30406955470073 396997300
279.30406955470073 398998800
279.30406955470073 399997600
279.30406955470073 401998500
279.30406955470073 402997800
279.30406955470073 404998500
279.30406955470073 405997500
279.30406955470073 407998800
279.30406955470073 408997800
279.30406955470073 410998100
279.30406955470073 412997500
279.30406955470073 413997400
279.30406955470073 415998500
279.30406955470073 417998400
279.30406955470073 418998500
279.30406955470073 420998600
279.30406955470073 422999100
279.30406955470073 423998600
279.30406955470073 425998300
279.30406955470073 426997900
279.30406955470073 428998600
279.30406955470073 429998000
279.30406955470073 431998800
279.30406955470073 432997400
279.30406955470073 435001400
279.30406955470073 436999600
279.30406955470073 438997800
279.30406955470073 440997600
279.30406955470073 442000200
279.30406955470073 445000700
279.30406955470073 446998700
279.30406955470073 447999300
279.30406955470073 449998500
279.30406955470073 450997600
279.30406955470073 452998900
279.30406955470073 453997600
279.30406955470073 455998700
279.30406955470073 456997600
279.30406955470073 458998300
279.30406955470073 460998200
279.30406955470073 461998300
279.30406955470073 463998200
279.30406955470073 465997800
279.30406955470073 466998400
279.30406955470073 468998300
279.30406955470073 469998500
279.30406955470073 471998100
279.30406955470073 473998300
279.30406955470073 474997900
279.30406955470073 476998800
279.30406955470073 477997600
279.30406955470073 479998700
279.30406955470073 480997500
279.30406955470073 482998500
279.30406955470073 483997600
279.30406955470073 485998600
279.30406955470073 486997600
279.30406955470073 488998500
279.30406955470073 489997600
279.30406955470073 491998700
279.30406955470073 492999400
279.30406955470073 494998600
279.30406955470073 495997700
279.30406955470073 497998500
279.30406955470073 499998500
279.30406955470073 500998400
279.30406955470073 502998300
279.30406955470073 503998400
279.30406955470073 505998400
279.30406955470073 506999500
279.30406955470073 508998600
279.30406955470073 511000900
279.30406955470073 512998000
279.30406955470073 515998500
279.30406955470073 516998800
279.30406955470073 518998700
279.30406955470073 519998500
279.30406955470073 521998700
279.30406955470073 523999700
279.30406955470073 525998600
279.30406955470073 527998300
279.30406955470073 528998600
279.30406955470073 530998200
279.30406955470073 532998200
279.30406955470073 533998200
279.30406955470073 535998100
279.30406955470073 536998300
279.30406955470073 538999700
279.30406955470073 539999900
279.30406955470073 541999500
279.30406955470073 542999600
279.30406955470073 544999300
279.30406955470073 545999600
279.30406955470073 547999000
279.30406955470073 548999800
279.30406955470073 550999300
279.30406955470073 551999700
279.30406955470073 553999600
279.30406955470073 554999700
279.30406955470073 556999300
279.30406955470073 557999600
279.30406955470073 559999300
279.30406955470073 560999700
279.30406955470073 562999400
279.30406955470073 563999600
279.30406955470073 565999400
279.30406955470073 566999600
279.30406955470073 568999700
279.30406955470073 570999500
279.30406955470073 571999300
279.30406955470073 573999700
279.30406955470073 575001100
279.30406955470073 577000600
279.30406955470073 578000400
279.30406955470073 580000400
279.30406955470073 581000400
279.30406955470073 583000100
279.30406955470073 584000400
279.30406955470073 585998300
279.30406955470073 587999800
279.30406955470073 588998100
279.30406955470073 591000200
279.30406955470073 592999000
279.30406955470073 596000300
279.30406955470073 597998100
279.30406955470073 598998300
279.30406955470073 600998400
279.30406955470073 602998800
279.30406955470073 605005600
279.30406955470073 606998200
279.30406955470073 608998100
279.30406955470073 611000300
279.30406955470073 612001000
279.30406955470073 614000200
279.30406955470073 615999300
279.30406955470073 616997800
279.30406955470073 619000100
279.30406955470073 620999500
279.30406955470073 621997700
279.30406955470073 623999500
279.30406955470073 625999400
279.30406955470073 626997800
279.30406955470073 628998400
279.30406955470073 629998400
279.30406955470073 631998300
279.30406955470073 633998600
279.30406955470073 634998600
279.30406955470073 636998500
279.30406955470073 638998100
279.30406955470073 639998400
279.30406955470073 641997600
279.30406955470073 643998000
279.30406955470073 644998600
279.30406955470073 646998000
279.30406955470073 648998800
279.30406955470073 649999500
279.30406955470073 651998200
279.30406955470073 653999600
279.30406955470073 654998700
279.30406955470073 656999700
279.30406955470073 658999300
279.30406955470073 660000300
279.30406955470073 662000500
279.30406955470073 663999800
279.30406955470073 664998400
279.30406955470073 666998700
279.30406955470073 668998400
279.30406955470073 669998700
279.30406955470073 671998400
279.30406955470073 673998400
279.30406955470073 675001400
279.30406955470073 676999600
279.30406955470073 677999500
279.30406955470073 679999500
279.30406955470073 681998800
279.30406955470073 683999300
279.30406955470073 685998700
279.30406955470073 686999900
279.30406955470073 689999500
279.30406955470073 691998200
279.30406955470073 692998100
279.30406955470073 694998500
279.30406955470073 696998500
279.30406955470073 697998300
279.30406955470073 700998100
279.30406955470073 701998500
279.30406955470073 703998300
279.30406955470073 704998500
279.30406955470073 706998200
279.30406955470073 708998400
279.30406955470073 709998600
279.30406955470073 711998400
279.30406955470073 713999400
279.30406955470073 714999500
279.30406955470073 716999400
279.30406955470073 718999300
279.30406955470073 719998400
279.30406955470073 721999000
279.30406955470073 723998700
279.30406955470073 724998900
279.30406955470073 726998400
279.30406955470073 728999100
279.30406955470073 729997800
279.30406955470073 731998600
279.30406955470073 732997600
279.30406955470073 735000900
279.30406955470073 735998800
279.30406955470073 737998500
279.30406955470073 739998700
279.30406955470073 740997600
279.30406955470073 742998700
279.30406955470073 744998800
279.30406955470073 745997800
279.30406955470073 747999200
279.30406955470073 749999900
279.30406955470073 750998600
279.30406955470073 752997600
279.30406955470073 754998500
279.30406955470073 755997600
279.30406955470073 757998000
279.30406955470073 759998600
279.30406955470073 760997700
279.30406955470073 762997600
279.30406955470073 765998200
279.30406955470073 766998200
279.30406955470073 768998300
279.30406955470073 769998000
279.30406955470073 771997400
279.30406955470073 772997700
279.30406955470073 774999300
279.30406955470073 777004700
279.30406955470073 778998200
279.30406955470073 781999200
279.30406955470073 782997800
279.30406955470073 787997900
279.30406955470073 794998000
279.30406955470073 800998800
279.30406955470073 806999000
279.30406955470073 809000600
279.30406955470073 810998900
279.30406955470073 811999600
279.30406955470073 813998200
279.30406955470073 816998500
279.30406955470073 818998600
279.30406955470073 819999300
279.30406955470073 821998200
279.30406955470073 823998600
279.30406955470073 824998300
279.30406955470073 826998100
279.30406955470073 828997900
279.30406955470073 829998300
279.30406955470073 831998000
279.30406955470073 832998200
279.30406955470073 834998100
279.30406955470073 835998300
279.30406955470073 837998000
279.30406955470073 838998100
279.30406955470073 840999000
279.30406955470073 841998600
279.30406955470073 843998300
279.30406955470073 844998300
279.30406955470073 846998100
279.30406955470073 847998400
279.30406955470073 849998000
279.30406955470073 850998400
279.30406955470073 852998100
279.30406955470073 853997700
279.30406955470073 855998700
279.30406955470073 856997800
279.30406955470073 858998200
279.30406955470073 859997600
279.30406955470073 861999100
279.30406955470073 863998700
279.30406955470073 864998500
279.30406955470073 866998500
279.30406955470073 867999000
279.30406955470073 869998600
279.30406955470073 872000900
279.30406955470073 873999300
279.30406955470073 876000100
279.30406955470073 877998800
279.30406955470073 878998800
279.30406955470073 880998200
279.30406955470073 882998400
279.30406955470073 883998700
279.30406955470073 885998100
279.30406955470073 886997900
279.30406955470073 888999000
279.30406955470073 889997600
279.30406955470073 891997500
279.30406955470073 892997600
279.30406955470073 894997800
279.30406955470073 895999900
279.30406955470073 897999200
279.30406955470073 898999400
279.30406955470073 900999100
279.30406955470073 902999800
279.30406955470073 903999400
279.30406955470073 905999100
279.30406955470073 906999300
279.30406955470073 908998500
279.30406955470073 909998400
279.30406955470073 911998200
279.30406955470073 913998400
279.30406955470073 914998600
279.30406955470073 916998300
279.30406955470073 918998400
279.30406955470073 919998500
279.30406955470073 921998500
279.30406955470073 923998100
279.30406955470073 924998400
279.30406955470073 926998300
279.30406955470073 928998700
279.30406955470073 929998500
279.30406955470073 931998100
279.30406955470073 933998500
279.30406955470073 934999100
279.30406955470073 936998600
