390.60678963388216 5999200
337.0807762601207 11999100
337.0807762601207 17999300
337.0807762601207 23000900
337.0807762601207 28999000
337.0807762601207 33999100
337.0807762601207 38999000
337.0807762601207 44001200
337.0807762601207 49000700
337.0807762601207 55001400
337.0807762601207 60001100
337.0807762601207 65000700
337.0807762601207 70000800
337.0807762601207 74999000
337.0807762601207 79999000
337.0807762601207 85999100
337.0807762601207 92000400
323.6927301913268 96999000
323.6927301913268 101999000
323.6927301913268 107001600
323.6927301913268 112001800
323.6927301913268 117999200
323.6927301913268 122999200
322.78725477256 127999100
322.78725477256 132999000
322.78725477256 138001700
322.78725477256 142999000
322.78725477256 147999000
322.78725477256 152999000
322.78725477256 157999100
322.78725477256 162999000
322.78725477256 167998900
322.78725477256 173998900
322.78725477256 178998900
322.78725477256 183999200
322.78725477256 189000400
322.78725477256 193999000
322.78725477256 198999000
314.7977117308336 203999000
314.7977117308336 208999000
295.3312558158277 213999000
295.3312558158277 219999100
295.3312558158277 224999100
293.10749336929496 229998900
293.10749336929496 234999000
293.10749336929496 239999000
293.10749336929496 244998900
293.10749336929496 249998900
293.10749336929496 254999000
293.10749336929496 260000700
293.10749336929496 265000700
293.10749336929496 271000700
293.10749336929496 278000400
291.7908508807222 287000600
291.7908508807222 296000200
291.7908508807222 303000000
284.3632589510971 310999200
284.3632589510971 317000500
284.3632589510971 321999000
284.3632589510971 326999000
284.3632589510971 331999000
284.3632589510971 336999000
284.3632589510971 341998900
279.3040695547008 346999000
279.3040695547008 353001300
279.3040695547008 358001300
279.3040695547008 363000900
279.3040695547008 368000800
279.3040695547008 373000700
279.30406955470073 378000600
279.30406955470073 383001500
279.30406955470073 388000700
279.30406955470073 393000800
279.30406955470073 398000700
279.30406955470073 403999000
279.30406955470073 408999000
279.30406955470073 413999000
279.30406955470073 418999100
279.30406955470073 423998900
279.30406955470073 428999100
279.30406955470073 434000800
279.30406955470073 439000600
279.30406955470073 443999100
279.30406955470073 448999000
279.30406955470073 453999000
279.30406955470073 458998900
279.30406955470073 464999100
279.30406955470073 469999200
279.30406955470073 474999100
279.30406955470073 479999000
279.30406955470073 484999000
279.30406955470073 489998900
279.30406955470073 494999200
279.30406955470073 499998900
279.30406955470073 504998900
279.30406955470073 509998900
279.30406955470073 514998900
279.30406955470073 519998900
279.30406955470073 524999000
279.30406955470073 530000900
279.30406955470073 536001400
279.30406955470073 541001300
279.30406955470073 546999500
279.30406955470073 551998900
279.30406955470073 557000700
279.30406955470073 563008200
279.30406955470073 568000400
279.30406955470073 574000800
279.30406955470073 579000900
279.30406955470073 585002300
279.30406955470073 590001200
279.30406955470073 596001900
279.30406955470073 600999000
279.30406955470073 606999600
279.30406955470073 611999000
279.30406955470073 617999200
279.30406955470073 622999600
279.30406955470073 627999000
279.30406955470073 634000200
279.30406955470073 639998800
279.30406955470073 644999000
279.30406955470073 649999100
279.30406955470073 654998900
279.30406955470073 660999600
279.30406955470073 665998900
279.30406955470073 670999000
279.30406955470073 677000700
279.30406955470073 684000200
279.30406955470073 694999500
279.30406955470073 701999200
279.30406955470073 706998900
279.30406955470073 712999400
279.30406955470073 717999100
279.30406955470073 722998900
279.30406955470073 728399700
279.30406955470073 733000800
279.30406955470073 738000700
279.30406955470073 743000600
279.30406955470073 748000800
279.30406955470073 753000700
279.30406955470073 758000700
279.30406955470073 764000900
279.30406955470073 769001100
279.30406955470073 775000100
279.30406955470073 779999200
279.30406955470073 784999100
279.30406955470073 789999900
279.30406955470073 794999100
279.30406955470073 799999100
279.30406955470073 804999300
279.30406955470073 809999100
279.30406955470073 816000200
279.30406955470073 823003000
279.30406955470073 832000400
279.30406955470073 841001300
279.30406955470073 849001800
279.30406955470073 855999100
279.30406955470073 862998400
279.30406955470073 867999400
279.30406955470073 872998900
279.30406955470073 877999000
279.30406955470073 882999000
279.30406955470073 887998900
279.30406955470073 892998900
279.30406955470073 897998900
279.30406955470073 908999100
279.30406955470073 913998900
279.30406955470073 919000900
279.30406955470073 924000800
279.30406955470073 929999200
279.30406955470073 934999000
279.30406955470073 939999000
279.30406955470073 944998900
279.30406955470073 950000700
279.30406955470073 954999000
279.30406955470073 959999000
279.30406955470073 964999000
279.30406955470073 969998900
279.30406955470073 974998900
279.30406955470073 981000200
279.30406955470073 985999000
279.30406955470073 990999100
279.30406955470073 995999500
279.30406955470073 1000999000
279.30406955470073 1005999100
279.30406955470073 1010999000
279.30406955470073 1015998900
279.30406955470073 1020999000
279.30406955470073 1025999000
279.30406955470073 1035999700
279.30406955470073 1041004500
279.30406955470073 1047000700
279.30406955470073 1051999100
279.30406955470073 1057999100
279.30406955470073 1066999800
279.30406955470073 1071999200
279.30406955470073 1078002000
279.30406955470073 1083002200
279.30406955470073 1089001500
279.30406955470073 1094001000
279.30406955470073 1100001000
279.30406955470073 1106000400
279.30406955470073 1114002600
279.30406955470073 1121001100
279.30406955470073 1127004500
279.30406955470073 1132999700
279.30406955470073 1138000400
279.30406955470073 1144000000
279.30406955470073 1150000000
279.30406955470073 1156001600
279.30406955470073 1162001800
279.30406955470073 1168002500
279.30406955470073 1174001900
279.30406955470073 1180002400
279.30406955470073 1185001600
279.30406955470073 1190999500
279.30406955470073 1195999600
279.30406955470073 1203002100
279.30406955470073 1208003100
279.30406955470073 1213010900
279.30406955470073 1219002500
279.30406955470073 1224002400
279.30406955470073 1229002200
279.30406955470073 1235002700
279.30406955470073 1240002200
279.30406955470073 1245002300
279.30406955470073 1250999800
279.30406955470073 1257000000
279.30406955470073 1261999300
279.30406955470073 1268000600
279.30406955470073 1273000300
279.30406955470073 1278999300
279.30406955470073 1284999400
279.30406955470073 1289999200
279.30406955470073 1295999200
279.30406955470073 1302999300
279.30406955470073 1309010700
279.30406955470073 1316000000
279.30406955470073 1321999900
279.30406955470073 1326999700
279.30406955470073 1333000400
279.30406955470073 1338999200
279.30406955470073 1344999500
279.30406955470073 1349999100
279.30406955470073 1355999300
279.30406955470073 1360999900
279.30406955470073 1367006600
279.30406955470073 1371999700
279.30406955470073 1377999700
279.30406955470073 1383000400
279.30406955470073 1388000800
279.30406955470073 1394999400
279.30406955470073 1401000000
279.30406955470073 1405999300
279.30406955470073 1412000900
279.30406955470073 1416998900
279.30406955470073 1422002400
279.30406955470073 1427999000
279.30406955470073 1432999100
279.30406955470073 1439000200
279.30406955470073 1446999400
279.30406955470073 1452000700
279.30406955470073 1457999100
279.30406955470073 1462999000
279.30406955470073 1467999000
279.30406955470073 1472999000
279.30406955470073 1478999000
279.30406955470073 1483999300
279.30406955470073 1488999000
279.30406955470073 1493999000
279.30406955470073 1498998900
279.30406955470073 1503999000
279.30406955470073 1508999000
279.30406955470073 1513999000
279.30406955470073 1521998900
279.30406955470073 1531999700
279.30406955470073 1536999100
279.30406955470073 1541999000
279.30406955470073 1546999100
279.30406955470073 1552000900
279.30406955470073 1557000700
279.30406955470073 1561998900
279.30406955470073 1566999000
279.30406955470073 1571998900
279.30406955470073 1576999000
279.30406955470073 1582999100
279.30406955470073 1587999300
279.30406955470073 1592999200
279.30406955470073 1597999000
279.30406955470073 1602999000
279.30406955470073 1607999000
279.30406955470073 1615999000
279.30406955470073 1625998900
279.30406955470073 1631001100
279.30406955470073 1636999100
279.30406955470073 1641999300
279.30406955470073 1647999200
279.30406955470073 1653000200
279.30406955470073 1658001300
279.30406955470073 1663000700
279.30406955470073 1667998900
279.30406955470073 1674001600
279.30406955470073 1680001300
279.30406955470073 1686999700
279.30406955470073 1695999200
279.30406955470073 1701002700
279.30406955470073 1706999300
279.30406955470073 1711999000
279.30406955470073 1717999600
279.30406955470073 1725999600
279.30406955470073 1731000700
279.30406955470073 1736000700
279.30406955470073 1741000700
279.30406955470073 1746000800
279.30406955470073 1752002000
279.30406955470073 1756999000
279.30406955470073 1761999000
279.30406955470073 1766998900
279.30406955470073 1771998900
279.30406955470073 1776999000
279.30406955470073 1781998800
279.30406955470073 1786998900
279.30406955470073 1791998900
279.30406955470073 1796999000
279.30406955470073 1802000800
279.30406955470073 1807000700
279.30406955470073 1812000700
279.30406955470073 1818001100
279.30406955470073 1823000800
279.30406955470073 1828000800
279.30406955470073 1833000800
279.30406955470073 1838000700
279.30406955470073 1843000800
279.30406955470073 1848000700
279.30406955470073 1853002200
279.30406955470073 1858002000
279.30406955470073 1863002200
279.30406955470073 1868002100
279.30406955470073 1873002000
279.30406955470073 1877999600
279.30406955470073 1882999100
279.30406955470073 1887999000
279.30406955470073 1892999000
279.30406955470073 1898999200
279.30406955470073 1903999300
279.30406955470073 1908999200
279.30406955470073 1913999000
279.30406955470073 1918999000
279.30406955470073 1923999000
279.30406955470073 1929000700
279.30406955470073 1934000600
279.30406955470073 1940002500
279.30406955470073 1946000500
279.30406955470073 1950999000
279.30406955470073 1956999500
279.30406955470073 1961998900
279.30406955470073 1966998900
279.30406955470073 1971999000
279.30406955470073 1982031300
279.30406955470073 1986999000
279.30406955470073 1991999000
279.30406955470073 1996999000
279.30406955470073 2001999000
279.30406955470073 2008031000
279.30406955470073 2012999000
279.30406955470073 2017999000
279.30406955470073 2023025400
279.30406955470073 2027999100
279.30406955470073 2032998800
279.30406955470073 2037999100
279.30406955470073 2042999000
279.30406955470073 2047999000
279.30406955470073 2053999200
279.30406955470073 2057999000
279.30406955470073 2063999200
279.30406955470073 2069000900
279.30406955470073 2074000800
279.30406955470073 2079000800
279.30406955470073 2084000800
279.30406955470073 2089000900
279.30406955470073 2094000700
279.30406955470073 2100999600
279.30406955470073 2110999600
279.30406955470073 2116000800
279.30406955470073 2121000700
279.30406955470073 2126000700
279.30406955470073 2130999000
279.30406955470073 2135998900
279.30406955470073 2140999000
279.30406955470073 2145999500
279.30406955470073 2150998900
279.30406955470073 2155998900
279.30406955470073 2161999300
279.30406955470073 2166999200
279.30406955470073 2170998800
279.30406955470073 2176999300
279.30406955470073 2181999300
279.30406955470073 2185999000
279.30406955470073 2191999500
279.30406955470073 2196999200
279.30406955470073 2201999100
279.30406955470073 2207000200
279.30406955470073 2215000200
279.30406955470073 2224005100
279.30406955470073 2234000000
279.30406955470073 2239999100
279.30406955470073 2245999200
279.30406955470073 2251999100
279.30406955470073 2257001000
279.30406955470073 2262000800
279.30406955470073 2267000700
279.30406955470073 2272000900
279.30406955470073 2277000800
279.30406955470073 2282000700
279.30406955470073 2287000900
279.30406955470073 2292000800
279.30406955470073 2297000800
279.30406955470073 2302000800
279.30406955470073 2306999200
279.30406955470073 2311999100
279.30406955470073 2317999500
279.30406955470073 2321999100
279.30406955470073 2326999100
279.30406955470073 2333003200
279.30406955470073 2338002600
279.30406955470073 2342002100
279.30406955470073 2348002900
279.30406955470073 2352002000
279.30406955470073 2357002200
279.30406955470073 2363002700
279.30406955470073 2368003000
279.30406955470073 2373002700
279.30406955470073 2378002800
279.30406955470073 2383002200
279.30406955470073 2388002300
279.30406955470073 2393002300
279.30406955470073 2398002100
279.30406955470073 2403002300
279.30406955470073 2408002300
279.30406955470073 2413002200
279.30406955470073 2418002300
279.30406955470073 2423002400
279.30406955470073 2428002200
279.30406955470073 2434002700
279.30406955470073 2439002600
279.30406955470073 2444003000
279.30406955470073 2448002100
279.30406955470073 2453001900
279.30406955470073 2458002500
279.30406955470073 2463002100
279.30406955470073 2468002100
279.30406955470073 2474003500
279.30406955470073 2480004300
279.30406955470073 2485002200
279.30406955470073 2489999900
279.30406955470073 2494999100
279.30406955470073 2499999100
279.30406955470073 2506003700
279.30406955470073 2511002000
279.30406955470073 2516002200
279.30406955470073 2521001900
279.30406955470073 2526002400
279.30406955470073 2531002000
279.30406955470073 2536002400
279.30406955470073 2541002000
279.30406955470073 2546002400
279.30406955470073 2551002100
279.30406955470073 2556002600
279.30406955470073 2561002000
279.30406955470073 2566002300
279.30406955470073 2571002100
279.30406955470073 2576002300
279.30406955470073 2581002100
279.30406955470073 2586002600
279.30406955470073 2591002200
279.30406955470073 2596002300
279.30406955470073 2601002400
279.30406955470073 2606002500
279.30406955470073 2611002100
279.30406955470073 2616002600
279.30406955470073 2621002100
279.30406955470073 2626002400
279.30406955470073 2632002800
279.30406955470073 2637002400
279.30406955470073 2642002500
279.30406955470073 2647002600
279.30406955470073 2651999200
279.30406955470073 2656999100
279.30406955470073 2661999100
279.30406955470073 2666999100
279.30406955470073 2671999200
279.30406955470073 2676999100
279.30406955470073 2681999100
279.30406955470073 2686999200
279.30406955470073 2692999300
279.30406955470073 2698002200
279.30406955470073 2703002000
279.30406955470073 2708002200
279.30406955470073 2712999300
279.30406955470073 2717999100
